chr1	4965229	4966578	1	1	1	0	8080	11
chr1	6341052	6342924	1	1	1	4853	0	14
chr1	6459745	6461263	1	1	1	1	0	22
chr1	9952117	9954631	1	1	1	0	292	3
chr1	9953726	9954631	1	1	1	0	292	3
chr1	11252259	11254669	1	1	1	10684	0	15
chr1	13708634	13717608	2	2	1	397	0	17
chr1	16148925	16151053	2	2	1	293	0	5
chr1	16668278	16672485	2	2	1	6619	0	13
chr1	17820725	17820957	1	1	1	531	0	17
chr1	22635666	22669492	2	2	1	0	1	7
chr1	23887545	23904468	2	2	0	0	1	13
chr1	24492879	24500556	2	2	1	2199	0	13
chr1	33852892	33853418	2	2	1	5649	0	24
chr1	34576517	34583105	1	1	1	8	0	4
chr1	34867929	34875813	2	2	1	32261	0	18
chr1	36392747	36392852	2	2	1	1325	0	3
chr1	36482675	36522679	2	2	0	0	1	13
chr1	40162425	40164200	1	1	1	70	0	9
chr1	40642231	40646168	1	1	1	67	0	8
chr1	43799725	43804049	2	2	1	8717	3	8
chr1	45858819	45859290	1	1	1	1535	0	18
chr1	51873703	51902477	2	2	1	4324	0	23
chr1	52193189	52194144	1	1	1	1055	0	14
chr1	52892870	52899186	1	1	1	1655	0	10
chr1	54551127	54551755	2	2	1	5303	0	3
chr1	54700377	54701812	2	2	1	1137	0	3
chr1	55028902	55058406	1	1	0	0	1	15
chr1	55394899	55399774	2	2	1	7	0	6
chr1	57262738	57305825	1	1	0	0	1	19
chr1	58095454	58096572	1	1	1	27	0	3
chr1	58706988	58708586	2	2	1	0	3	3
chr1	58950996	58951344	2	2	1	11516	0	16
chr1	59694692	59709838	2	2	1	9449	22	5
chr1	59903113	59906494	1	1	1	10793	0	19
chr1	66477512	66478036	1	1	1	0	1	10
chr1	66477526	66477950	1	1	1	77348	9	3
chr1	67043571	67043948	2	2	1	6	0	3
chr1	71297385	71298516	2	2	1	15	0	8
chr1	74322373	74323044	2	2	1	24600	0	7
chr1	74460615	74460719	1	1	1	106	0	3
chr1	75152262	75152733	2	2	1	1490	0	12
chr1	75170929	75171484	1	1	1	2350	0	10
chr1	78585581	78599889	1	1	0	0	1	22
chr1	78585581	78622724	1	1	0	0	1	18
chr1	78585581	78622728	1	1	0	0	1	14
chr1	78585581	78626465	1	1	0	1	0	21
chr1	78585583	78585709	1	1	0	0	1	18
chr1	78585583	78587086	1	1	0	0	1	18
chr1	78585583	78626465	1	1	0	0	1	16
chr1	78585585	78617740	1	1	0	0	1	12
chr1	78585585	78626465	1	1	0	0	1	16
chr1	79774627	79777184	2	2	1	20518	0	21
chr1	83266618	83268690	2	2	1	14319	3	7
chr1	84706011	84708252	2	2	1	0	1146	3
chr1	88340081	88344959	1	1	1	0	3	3
chr1	89246249	89447532	2	2	0	0	5	23
chr1	89437409	89447532	2	2	0	1	0	15
chr1	91445688	91453782	1	1	0	0	2	12
chr1	95588721	95594873	2	2	1	1039	1	7
chr1	105512823	105515704	2	2	1	2281	0	22
chr1	105747690	105749202	1	1	1	733	0	12
chr1	118236572	118237502	2	2	1	10242	0	18
chr1	120041264	120044115	2	2	1	0	1443	3
chr1	121233677	121234592	2	2	1	1	0	3
chr1	130862787	130863629	2	2	1	3	0	12
chr1	132156042	132156651	1	1	1	299	0	6
chr1	132425860	132431504	1	1	1	0	2178	4
chr1	133581771	133588974	2	2	1	183	0	21
chr1	134121687	134122314	1	1	1	2	0	17
chr1	134239858	134240273	2	2	1	4597	0	16
chr1	134413593	134434022	1	1	0	0	1	12
chr1	135735349	135736370	1	1	1	1363	0	16
chr1	135779475	135779764	1	1	1	943	0	15
chr1	139741355	139749361	2	2	1	2	0	25
chr1	143878021	143878517	2	2	1	8555	0	25
chr1	151281297	151283326	2	2	1	1926	0	11
chr1	151791294	151796797	2	2	1	7519	0	13
chr1	152686752	152692741	1	1	1	524	0	24
chr1	152731754	152732199	2	2	1	8431	0	3
chr1	153391297	153394628	2	2	1	611	0	20
chr1	153631783	153634128	1	1	1	447	0	18
chr1	153680474	153683426	2	2	1	107	0	11
chr1	156128361	156129314	2	2	1	0	1	5
chr1	156528401	156533467	2	2	0	0	3	13
chr1	156529783	156577754	1	1	0	0	1	14
chr1	156912484	156942983	1	1	0	1	0	23
chr1	156912484	157173498	1	1	0	4	0	25
chr1	156912490	156930874	1	1	0	0	1	22
chr1	156912490	156942983	1	1	0	1	0	18
chr1	160036166	160040216	2	2	1	3079	0	6
chr1	160551760	160561098	2	2	1	25	0	12
chr1	165227438	165239032	2	2	1	0	758	3
chr1	165302564	165305789	1	1	1	14405	3	22
chr1	165682839	165683968	1	1	1	21	0	24
chr1	165744592	165759230	2	2	1	2039	0	25
chr1	165935760	165937620	2	2	1	158	0	14
chr1	165980354	165985081	1	1	1	1	0	5
chr1	167065218	167070661	2	2	1	1	0	6
chr1	167167173	167174997	1	1	0	0	1	18
chr1	167460217	167462003	1	1	1	0	174	3
chr1	167519737	167618905	1	1	1	240	0	18
chr1	169339799	169341013	2	2	1	54	0	19
chr1	170847720	170853112	1	1	1	2	0	13
chr1	170853368	170856705	1	1	1	7	0	12
chr1	171048222	171048373	2	2	1	0	1163	3
chr1	171048222	171048736	2	2	1	2104	0	3
chr1	171048222	171049472	2	2	1	0	524	3
chr1	171053943	171077646	2	2	1	0	1	9
chr1	171057486	171098259	1	1	0	0	1	13
chr1	171243399	171243702	1	1	1	2551	0	24
chr1	172045542	172046978	2	2	1	6	0	16
chr1	172107654	172108135	2	2	1	114632	0	9
chr1	174918659	174921369	2	2	1	18763	0	14
chr1	177843551	177845242	1	1	1	1117	0	4
chr1	178149571	178150045	1	1	1	2551	0	16
chr1	178195139	178196924	1	1	0	1	0	19
chr1	183103518	183103539	2	4	0	0	2	19
chr1	183112048	183112158	2	2	1	8576	0	8
chr1	189629681	189632014	2	2	1	7174	0	3
chr1	191043700	191074667	1	1	0	0	3	12
chr1	191291530	191314565	1	1	0	0	1	12
chr1	194428514	194462919	1	1	0	0	2	16
chr2	3313612	3313698	1	1	1	11398	0	13
chr2	3779606	3780537	1	1	1	930	0	6
chr2	4069256	4108873	2	2	0	1	0	14
chr2	4930520	4932160	1	1	1	3888	0	16
chr2	5306425	5308101	2	2	1	13633	0	9
chr2	10069123	10073420	2	2	1	15188	1	5
chr2	10094968	10095051	1	1	1	553	0	24
chr2	10099713	10101261	2	2	1	112	0	14
chr2	13318943	13319463	2	2	1	134	0	13
chr2	17382635	17409819	1	1	0	0	1	13
chr2	17438829	17439689	2	2	1	1914	0	14
chr2	22965596	22984594	2	2	0	0	1	13
chr2	25071173	25252706	2	2	0	0	5	13
chr2	25123718	25124191	2	2	1	1	0	3
chr2	25138067	25138133	2	2	1	19	0	9
chr2	25299014	25299110	1	1	1	24031	0	4
chr2	25359140	25359571	2	2	1	39877	1	15
chr2	25628082	25628539	1	1	1	38	0	16
chr2	26281979	26282423	1	1	1	7345	5	13
chr2	26347188	26347914	1	1	1	1	0	4
chr2	26479459	26480391	1	1	1	3293	0	17
chr2	26974111	26974788	1	1	1	96	0	10
chr2	27423039	27423348	1	1	1	1776	0	17
chr2	27646303	27647772	1	1	1	2268	0	18
chr2	27895299	27897759	1	1	1	369	0	19
chr2	28388454	28392078	1	1	1	35	0	5
chr2	29892442	29916058	1	1	0	1	0	13
chr2	30186715	30188427	1	1	1	1245	0	4
chr2	30333410	30333605	1	1	0	1	0	14
chr2	30333410	30336388	1	1	1	19973	0	14
chr2	30333410	30420922	1	1	0	3	0	14
chr2	30694699	30724735	2	2	0	1	0	22
chr2	30851210	30853486	2	2	1	1333	0	14
chr2	30870063	30871494	2	2	1	4560	0	23
chr2	32309219	32310316	2	2	1	5412	0	14
chr2	32658115	32658853	2	2	1	0	22	3
chr2	33033405	33035409	2	2	1	8713	0	7
chr2	33459295	33529500	2	2	1	86	0	14
chr2	34646316	34662589	2	2	0	2	0	14
chr2	35292815	35297956	2	2	1	469	0	12
chr2	36130790	36130882	1	1	1	391	0	3
chr2	37515302	37516493	2	2	1	25453	13	12
chr2	37744077	37746127	2	2	1	4929	0	16
chr2	38459748	38467250	1	1	1	2268	0	6
chr2	46112013	46141505	2	2	0	1	0	12
chr2	49417072	49426684	1	1	0	0	1	12
chr2	53093064	53107306	1	1	1	2035	1	12
chr2	59792975	59798970	2	2	1	0	1	6
chr2	60365448	60383353	2	2	1	70	0	16
chr2	60585841	60586779	2	2	1	3087	0	23
chr2	70508959	70509775	1	1	1	11655	4	3
chr2	70582675	70584783	2	2	1	7669	0	24
chr2	70810771	70812198	2	2	1	0	351	3
chr2	72023893	72056097	1	1	0	0	1	17
chr2	72055394	72056092	1	1	1	36339	10	13
chr2	72056124	72056342	1	1	1	36234	1	9
chr2	72312857	72313698	1	1	1	99	0	6
chr2	73649493	73653544	2	2	1	1	0	3
chr2	75767920	75811249	1	1	0	0	1	12
chr2	75807679	75811249	1	1	0	0	1	12
chr2	76209107	76209261	1	1	1	4367	0	11
chr2	79538599	79540247	1	1	1	0	1	3
chr2	83632430	83633223	1	1	1	13105	3	15
chr2	83755617	83769076	2	2	1	2	0	5
chr2	84284342	84288366	2	2	1	308	0	11
chr2	90627934	90631380	1	1	1	270	0	4
chr2	90691788	90720336	2	2	0	0	1	13
chr2	90927339	90929774	1	1	1	692	0	4
chr2	91036454	91036532	1	1	1	9184	0	5
chr2	91764188	91764400	2	2	1	28233	16	23
chr2	93040322	93041168	2	2	1	2477	0	22
chr2	93252274	93260289	2	2	1	0	78	3
chr2	102464886	102466518	1	1	1	1930	0	8
chr2	103964131	104121971	1	1	0	0	3	13
chr2	104083053	104085300	2	2	1	11073	0	4
chr2	105522069	105522538	1	1	1	1402	0	4
chr2	110964601	110965727	2	2	1	3	0	4
chr2	112092423	112092657	1	1	1	3913	0	5
chr2	112194298	112194496	2	2	1	14730	0	19
chr2	112458190	112460084	1	1	1	1076	0	14
chr2	113518506	113523353	1	1	1	1533	0	17
chr2	117124352	117125189	2	2	1	30684	0	5
chr2	118010064	118010689	2	2	0	1	0	15
chr2	118010064	118057943	2	2	0	0	1	13
chr2	118292705	118309478	1	1	0	0	2	15
chr2	118839025	118865949	1	1	0	0	3	12
chr2	119370574	119371839	2	2	1	7	0	3
chr2	119378399	119391211	1	1	1	6555	0	20
chr2	119583080	119583175	2	2	1	3721	0	18
chr2	119861884	119862055	1	1	1	183	0	22
chr2	120200983	120202004	2	2	1	2036	0	3
chr2	120776879	120777102	2	2	1	3499	0	17
chr2	121035030	121035400	2	2	1	5440	0	4
chr2	121132874	121160187	2	2	0	0	24	12
chr2	121132874	121238442	2	2	0	0	50	12
chr2	121173141	121173235	2	2	1	8830	0	18
chr2	125069631	125070646	1	1	1	12	0	7
chr2	125429648	125429812	2	2	1	53	0	3
chr2	125499530	125508192	2	2	1	709	0	11
chr2	125525260	125773178	1	1	0	0	7	21
chr2	125674258	125675643	2	2	1	12848	0	22
chr2	125771580	125773172	1	1	1	3390	0	15
chr2	127476975	127480508	2	2	1	15	0	3
chr2	128923266	128923893	1	1	1	2081	0	12
chr2	128951430	128961112	1	1	0	1	0	18
chr2	128951430	129023228	1	1	0	0	3	19
chr2	130281022	130281355	1	1	1	615	0	3
chr2	130418250	130418510	1	1	1	291	0	8
chr2	131145501	131146171	2	2	1	3450	0	15
chr2	131774979	131778855	1	1	0	0	1	15
chr2	132631769	132635793	1	3	0	1	0	12
chr2	132653004	132697661	2	2	0	0	1	12
chr2	134923791	135136780	1	1	0	0	5	15
chr2	135104195	135136768	1	1	1	0	441	3
chr2	135901039	135901414	1	1	1	9645	0	13
chr2	136600273	136605492	1	1	1	303173	0	17
chr2	142910322	142911293	1	1	1	2584	0	16
chr2	145354749	145360321	1	1	1	8650	0	11
chr2	148596638	148597183	1	1	1	5	0	3
chr2	150471814	150479766	2	2	1	1395	2	16
chr2	150655423	150655840	1	1	1	8909	0	23
chr2	150700405	150746276	2	2	1	22855	3	9
chr2	150743456	150746276	2	2	1	1	0	5
chr2	152788258	152790957	2	2	1	0	552	3
chr2	153462710	153463977	2	2	0	0	3	15
chr2	153731493	153731715	1	1	1	1	0	9
chr2	153987655	153987961	1	1	1	3	0	13
chr2	154007539	154007838	1	1	1	19	0	16
chr2	154388024	154388147	2	2	1	1137	0	9
chr2	154438185	154445436	2	2	1	1602	0	15
chr2	154450288	154499182	1	1	0	1	0	14
chr2	154730281	154734609	2	2	1	5785	4	8
chr2	155360205	155363900	1	1	1	6991	0	17
chr2	155409808	155413438	2	2	1	0	297	3
chr2	155470820	155471038	1	1	1	81	0	10
chr2	155850572	155850779	1	1	1	11840	6	14
chr2	156307723	156350774	2	2	0	0	1	13
chr2	156779472	156780470	2	2	1	0	2	5
chr2	157311442	157311672	1	1	1	17	0	3
chr2	157734574	157745431	2	2	0	0	1	18
chr2	158389715	158391565	1	1	1	72	0	22
chr2	163667278	163670771	1	1	1	34	0	9
chr2	163873235	163874099	1	1	1	41	0	20
chr2	164249723	164249904	1	1	1	20	0	17
chr2	164407859	164410254	1	1	1	115	0	6
chr2	164605202	164607080	1	1	1	2561	1	12
chr2	167280228	167327227	1	1	0	0	1	12
chr2	168943444	168944220	1	3	1	0	1	6
chr2	170104874	170129835	2	2	0	0	1	23
chr2	170129865	170385600	2	2	0	0	10	25
chr2	173070137	173070368	2	2	1	5825	0	17
chr2	174860234	174860652	2	2	0	0	1	23
chr2	174860234	174860820	2	2	0	0	1	23
chr2	174860318	174860652	2	2	0	0	1	23
chr2	174860318	174860820	2	2	0	0	1	23
chr2	174860486	174860652	2	2	0	0	1	23
chr2	174860486	174860820	2	2	0	0	1	23
chr2	174860738	174860820	2	2	0	0	1	23
chr2	175013119	177080685	2	2	0	0	4	14
chr2	175072379	177080685	2	2	0	0	4	14
chr2	176448564	177080685	2	2	0	0	5	14
chr2	176797623	177080685	2	2	0	0	5	14
chr2	177589701	177623830	2	2	0	0	8	20
chr2	177622633	177710033	1	1	0	0	3	15
chr2	178021342	178022646	2	2	1	153	0	8
chr2	178104565	178108351	1	1	1	0	1	3
chr2	179699983	179701128	1	1	1	10	0	3
chr2	179813700	179824392	2	2	0	1	0	19
chr2	179906268	179914892	2	2	1	992	0	23
chr2	180224749	180225193	1	1	1	1444	0	16
chr2	180573258	180574711	1	1	1	31	0	15
chr2	180848174	180848427	2	2	1	28	0	22
chr2	180982387	180983317	1	1	1	2045	0	12
chr2	181024338	181024408	1	1	1	2127	0	13
chr2	181154881	181156872	1	1	1	6558	0	5
chr3	8731638	8731841	2	2	1	6194	0	6
chr3	9764598	9787751	1	1	0	0	1	12
chr3	10081188	10211370	2	2	0	0	3	13
chr3	10484284	10485256	2	2	1	47	2269	4
chr3	10484284	10485799	2	2	1	0	374	3
chr3	20118864	20119485	1	1	1	3310	0	18
chr3	26978545	26981454	1	1	1	19	0	9
chr3	27156652	27169544	2	2	1	115	0	13
chr3	27939266	27940596	2	2	1	465	0	3
chr3	29744345	29744541	1	1	1	1311	0	4
chr3	31100712	31101120	1	1	1	4134	0	14
chr3	32774112	32774334	1	1	1	1570	0	15
chr3	36546057	36607219	2	2	0	2	0	15
chr3	37480532	37487302	1	1	0	0	1	12
chr3	51568728	51571931	1	1	1	9	0	3
chr3	53768694	53771034	2	2	1	846	0	13
chr3	54600630	54602543	1	1	1	3938	0	9
chr3	57557637	57558111	2	2	1	2991	0	10
chr3	57750712	58142959	2	2	0	4	0	13
chr3	58712000	58713982	2	2	1	24	0	15
chr3	64624052	64626747	2	2	1	1	0	23
chr3	67368392	67368644	2	2	1	5638	0	16
chr3	79575002	79575088	2	2	1	608	0	17
chr3	81082304	81111541	1	1	1	918	0	10
chr3	82936573	82937491	1	1	1	2	0	25
chr3	85724599	85794433	2	2	1	85	0	15
chr3	87661202	87661370	2	2	1	87	0	3
chr3	87859601	87859784	1	1	1	9	0	3
chr3	88487342	88488280	1	1	1	11658	0	9
chr3	89081599	89082251	1	1	1	3694	0	3
chr3	89179912	89180078	2	2	1	749	0	12
chr3	89280624	89280731	1	1	1	101	0	19
chr3	89323271	89323580	2	2	1	0	146	4
chr3	89903212	89903317	2	2	1	0	2042	16
chr3	94379547	94380128	2	2	1	38	0	3
chr3	94694221	94793805	1	1	0	0	19	14
chr3	94862458	94862662	1	1	1	1892	0	20
chr3	94943236	94943915	2	2	1	20213	5	12
chr3	95040600	95040868	2	2	1	3120	0	8
chr3	95139971	95140798	1	1	1	2	0	3
chr3	95209737	95209976	2	2	1	255	0	6
chr3	96099937	96100504	1	1	1	40373	1	18
chr3	96389708	96395407	1	1	0	1	0	17
chr3	96487823	96488150	2	2	1	4154	0	6
chr3	96609834	96610841	1	1	1	3569	0	3
chr3	96692382	96693246	1	1	1	5207	1	19
chr3	97574032	97574674	1	1	1	1165	0	13
chr3	100651368	100676040	1	1	0	1	0	13
chr3	100920682	100924209	2	2	1	16	0	7
chr3	104691444	104691949	1	1	1	119	0	16
chr3	104801756	104803011	1	1	1	1	0	3
chr3	105653289	105657560	2	2	1	0	4472	15
chr3	105833915	105834183	2	2	1	59	0	19
chr3	105866215	105866463	2	2	1	4165	0	20
chr3	105873742	105874478	1	1	1	3598	0	4
chr3	105907787	105908413	2	2	1	266	0	10
chr3	106029011	106029681	1	1	1	554	0	17
chr3	106406622	106407070	1	1	1	42	0	21
chr3	106462625	106469064	1	1	1	998	0	10
chr3	107126049	107126940	2	2	1	5	0	21
chr3	107534396	107534703	2	2	1	2169	0	18
chr3	107578561	107579357	2	2	1	1	0	14
chr3	107836475	107837589	2	2	1	4	0	3
chr3	108113202	108113541	2	2	1	1917	0	16
chr3	108225957	108254005	1	1	0	0	1	12
chr3	108254033	108386798	2	2	0	0	5	13
chr3	108812079	108812426	2	2	1	4836	2	13
chr3	115918299	115919603	2	2	1	2017	0	12
chr3	116205819	116226190	2	2	0	1	0	14
chr3	116717928	116742151	2	2	0	1	0	16
chr3	118355964	118404093	1	1	1	1105	0	17
chr3	119575184	119576850	2	2	1	15798	0	17
chr3	121526190	121527754	1	1	1	5500	0	10
chr3	122634698	122636693	1	1	1	700	0	4
chr3	122718303	122719125	2	2	0	0	1	21
chr3	122718306	122719127	1	1	1	3757	11	19
chr3	127336806	127337802	2	2	1	2174	0	8
chr3	129777656	129777815	2	2	1	4895	0	24
chr3	132431522	132432417	1	1	1	4808	0	20
chr3	132808278	132812699	1	1	1	58	0	3
chr3	133032463	133036153	1	1	1	6664	0	9
chr3	135145560	135147265	1	1	1	0	1	3
chr3	135145560	135160946	1	1	1	0	23574	3
chr3	136376663	136503486	1	1	1	76255	1	4
chr3	137570458	137570893	1	1	1	0	10806	23
chr3	137624680	137625681	1	1	1	0	3412	19
chr3	137798511	137800719	2	2	1	967	0	3
chr3	138600280	138602613	1	1	1	0	2	6
chr3	145709555	145709693	2	2	0	0	1	24
chr3	145896222	145897982	1	1	1	1	0	25
chr3	146142413	146142930	1	1	1	4489	0	16
chr3	146195673	146199426	2	2	1	828	0	18
chr3	151789947	152074217	2	2	0	0	6	12
chr3	152912363	153117098	2	2	1	1459	0	9
chr3	153644604	153644706	2	2	1	760	0	3
chr4	4134508	4138005	2	2	1	1739	0	3
chr4	11197300	11198728	1	1	1	0	315	3
chr4	11230509	11231652	2	2	1	4108	0	5
chr4	21758476	21759369	2	2	1	4682	0	7
chr4	21859308	21860819	1	1	1	14043	0	11
chr4	32624167	32630177	1	1	1	1063	0	14
chr4	34656263	34656767	1	1	1	4103	0	3
chr4	34714536	34716304	2	2	1	435	0	11
chr4	40929192	40931256	1	1	1	1	0	5
chr4	40949559	40950513	1	1	1	12277	0	12
chr4	40991884	40993758	1	1	1	8210	0	12
chr4	41524415	41524654	2	4	1	0	1384	3
chr4	41524415	41569176	2	2	1	0	1	3
chr4	43568994	43569180	2	2	1	9564	0	13
chr4	43654412	43654512	2	2	1	7479	0	21
chr4	45033345	45043639	2	2	0	1	0	13
chr4	45042046	45043639	2	2	1	3245	0	13
chr4	46468722	46497640	1	1	0	0	4	13
chr4	46646259	46649668	2	2	1	38	0	4
chr4	47474754	47474911	1	1	1	4306	5	22
chr4	48071169	48083104	1	1	1	3530	0	9
chr4	52481831	52484039	1	1	1	461	0	24
chr4	57225584	57225713	2	2	1	279	0	3
chr4	58838971	58839707	1	1	0	1	0	20
chr4	59774007	59775446	2	2	1	329	0	12
chr4	60006024	60006188	1	1	1	16	0	19
chr4	61182115	61182749	2	2	1	7	0	18
chr4	62559066	62564920	1	1	1	220	0	20
chr4	63008281	63012668	1	1	1	1016	0	5
chr4	63070964	63072178	2	2	1	11	0	7
chr4	68864598	68872170	1	1	0	1	0	13
chr4	82271881	82277968	2	2	1	10163	0	21
chr4	82801155	82802813	2	2	1	43	0	7
chr4	89135386	89182923	1	1	0	0	1	16
chr4	99687000	99690333	2	2	1	132	0	3
chr4	101456198	101456291	1	1	1	5823	0	10
chr4	101505023	101509595	1	1	1	1263	0	23
chr4	102459099	102459783	1	1	1	1	0	3
chr4	103420770	103421694	1	3	1	17	2	8
chr4	106904663	106905220	1	1	1	15745	0	17
chr4	106928216	106931069	1	1	1	127	0	7
chr4	108914950	108916209	2	2	0	0	5	12
chr4	109240164	109242515	1	1	1	24626	0	17
chr4	114679113	114698834	1	1	1	3	0	9
chr4	115897427	115901881	2	2	1	787	0	8
chr4	116663553	116663682	2	2	1	1158	0	15
chr4	117072563	117072635	2	2	1	31	0	13
chr4	117407928	117410164	1	1	1	2075	0	3
chr4	117714671	117720625	1	1	1	0	2820	3
chr4	117797698	117815624	2	2	1	6093	0	4
chr4	119176762	119177026	2	2	1	944	0	3
chr4	119177051	119177365	2	2	1	944	8	24
chr4	119276491	119278776	2	2	1	1138	0	17
chr4	119496010	119496407	1	1	1	5	0	7
chr4	120341031	120362480	1	1	1	2	0	11
chr4	120616589	120618824	2	2	1	2925	4	13
chr4	120746593	120746613	1	1	0	0	7	13
chr4	120746593	120756116	1	1	0	0	5	13
chr4	120910691	120910966	1	1	1	1942	0	15
chr4	123798881	123799026	1	1	1	912	0	13
chr4	124698909	124713997	1	1	1	1260	0	8
chr4	126355599	126357464	2	2	1	625	0	3
chr4	126406461	126409679	2	2	1	747	0	22
chr4	127845428	127864313	2	2	1	157	0	4
chr4	129006319	129006467	2	2	1	50474	1	24
chr4	129235392	129235533	1	1	1	1406	1	20
chr4	129248298	129251497	2	2	1	799	0	11
chr4	129496055	129500879	1	1	1	4833	0	9
chr4	129619516	129621347	2	2	1	2	0	11
chr4	129843001	129845527	1	1	1	0	1	3
chr4	129983350	129983529	1	1	1	1911	0	14
chr4	130060819	130061048	2	2	1	1229	0	10
chr4	131548224	131644555	1	1	0	0	2	12
chr4	131618661	131619391	1	1	1	9467	0	11
chr4	131638247	131638854	1	1	0	1	0	18
chr4	132641138	132643429	2	2	1	672	3394	4
chr4	133033318	133036059	2	2	1	4089	1	13
chr4	133733633	133735221	2	2	1	0	1	3
chr4	133971287	133971545	1	1	1	5	0	8
chr4	134197487	134197977	1	1	1	0	25205	15
chr4	134486373	134495126	2	2	1	695	0	14
chr4	134632723	134636923	2	2	1	792	0	3
chr4	135056829	135059031	2	2	1	4666	0	9
chr4	135908756	135911733	1	5	1	20	0	17
chr4	135960662	135960874	1	1	1	631	1	8
chr4	138038063	138038151	1	1	1	2310	0	3
chr4	138070876	138078494	2	2	1	367	0	24
chr4	138506767	138507558	1	1	1	38	0	15
chr4	140149530	140437703	1	1	0	0	6	13
chr4	140723902	140723978	1	1	1	13160	1	4
chr4	141357972	141358302	2	2	1	1	0	3
chr4	141587994	141589115	2	2	1	0	6724	3
chr4	141645692	141646058	2	2	1	1804	0	21
chr4	143023001	143051123	2	2	0	0	1	22
chr4	145554289	145625530	1	1	0	0	3	20
chr4	146253191	146390790	1	1	0	0	3	20
chr4	146616611	146619877	1	1	1	16	0	23
chr4	147071218	147073383	1	1	1	2	0	14
chr4	147107913	147136962	1	1	1	1	0	21
chr4	147262814	147415756	1	1	0	0	3	20
chr4	147967441	147967674	2	2	1	11875	1	19
chr4	148097261	148098132	2	2	1	856	0	3
chr4	148225292	148225371	1	1	1	3034	0	13
chr4	152290844	152314311	1	1	0	1	0	16
chr4	154067584	154068045	1	1	1	4529	0	17
chr4	154096894	154100112	1	1	1	0	370	3
chr4	154422185	154425177	2	2	1	0	54	3
chr4	154978422	154978531	1	1	1	128	0	18
chr4	155045759	155045848	1	1	1	1674	0	4
chr4	155185820	155186546	1	1	1	1405	0	6
chr4	155334520	155334962	1	1	1	0	1	6
chr4	155335494	155340591	1	1	1	1633	1	18
chr4	155472398	155472711	2	2	1	12440	1	15
chr4	155554625	155554727	1	1	1	106	0	11
chr4	155815922	155816383	1	1	1	15452	0	11
chr4	155927290	155927361	1	1	1	821	0	15
chr4	155932044	155932141	1	3	1	0	1	3
chr4	155938544	155938786	1	1	1	6909	0	6
chr5	3150108	3150150	1	3	0	1	0	14
chr5	5516672	5528865	2	2	1	7	0	5
chr5	8989918	8990910	1	1	1	253	0	14
chr5	9167564	9168453	1	1	1	1786	0	22
chr5	9380216	9620610	1	1	0	0	5	12
chr5	13611876	13615717	1	1	1	1864	0	22
chr5	14730028	14730383	1	1	1	0	1521	3
chr5	14961535	14962163	2	2	1	0	4	14
chr5	14985114	14985742	2	2	1	0	4	14
chr5	15080368	15080996	2	2	1	0	4	14
chr5	15678153	15678782	2	2	1	0	4	14
chr5	15730912	15731541	2	2	1	0	4	14
chr5	15785010	15785639	1	1	1	0	4	14
chr5	15826808	15827437	1	1	1	0	4	14
chr5	15858708	15859337	2	2	1	0	4	14
chr5	15915924	15916522	2	2	1	0	4	14
chr5	21986395	21988044	2	2	1	3300	0	23
chr5	24575954	24624780	2	2	0	1	0	12
chr5	24624679	24624780	2	2	1	8819	1	12
chr5	24778775	24779164	2	2	1	8313	0	4
chr5	25903331	25910675	2	2	1	336	0	11
chr5	26462899	26463885	1	1	1	20	0	8
chr5	27970231	27970588	2	2	1	8330	0	16
chr5	28412382	28414121	2	2	1	11	0	16
chr5	31127662	31130825	1	1	1	24	0	14
chr5	31349092	31349496	2	2	1	2698	0	17
chr5	31353609	31353824	1	1	1	9808	0	5
chr5	31634224	31637313	1	1	1	0	1618	3
chr5	32810651	32812449	1	1	1	1490	0	12
chr5	33180945	33184525	1	1	0	1	0	13
chr5	34792044	34792194	2	2	1	978	0	15
chr5	35200007	35200198	1	1	1	4	0	3
chr5	35234612	35236374	1	1	1	827	4	6
chr5	36032258	36040649	1	1	1	4014	0	16
chr5	37433683	37435428	1	1	1	24861	0	6
chr5	38385478	38387904	1	1	1	1355	0	13
chr5	38610606	38634737	2	2	1	246	0	10
chr5	38686958	38711586	1	1	0	2	0	17
chr5	44057805	44058762	1	1	1	575	0	7
chr5	44064948	44065264	1	1	1	274	0	24
chr5	45652624	45654261	1	1	1	3318	0	13
chr5	52596563	52628692	2	2	1	5160	0	8
chr5	52719540	52721307	2	2	1	4138	0	18
chr5	65561582	65562672	1	1	1	0	2	3
chr5	65584928	65625735	2	2	1	1	0	8
chr5	65617916	65625735	2	2	1	15323	0	10
chr5	65813723	65858960	2	2	0	0	1	12
chr5	67258647	67473139	1	1	0	0	4	12
chr5	76465857	76466973	2	2	1	4	0	17
chr5	76998274	77089395	1	1	0	81	0	22
chr5	77099683	77104392	1	1	1	12942	0	9
chr5	77154482	77155078	1	1	1	20	0	14
chr5	86568121	86570352	2	2	1	48	0	7
chr5	87600756	87647873	2	2	0	0	1	15
chr5	88035410	88035798	1	1	1	1	0	4
chr5	88893010	88897383	1	1	1	2542	0	18
chr5	90446547	90447847	2	2	1	13443	3	10
chr5	90788242	90807160	2	2	0	1	0	19
chr5	90934527	90935291	1	1	1	1	0	14
chr5	95923945	95948563	1	1	1	1	0	4
chr5	96784738	96790346	1	1	1	1866	0	21
chr5	100675920	100676404	1	1	1	5371	0	7
chr5	104015519	104015710	2	2	1	3390	0	22
chr5	104138172	104220188	2	2	0	0	2	17
chr5	104194965	104220186	1	1	0	1	0	13
chr5	104222640	104222726	2	2	1	0	5	3
chr5	104235025	104236262	2	2	1	124511	0	14
chr5	105121998	105122513	2	2	1	16	0	22
chr5	105365357	105366252	2	2	1	5	0	18
chr5	105438893	105441491	2	2	1	140	0	24
chr5	105629795	105633668	1	1	1	10583	1	20
chr5	107043208	107043809	2	2	1	114	0	14
chr5	107710671	107717995	2	2	1	0	64	3
chr5	108235888	108282669	2	2	0	0	1	13
chr5	108423599	108426384	1	1	1	4477	0	16
chr5	108425179	108426384	1	1	1	0	3	5
chr5	108621773	108622975	1	1	1	2377	0	6
chr5	109886877	109887064	2	2	1	199	0	23
chr5	110071535	110144399	1	1	0	0	2	18
chr5	110431620	110433749	2	2	1	687	0	8
chr5	110437241	110437647	1	1	1	126	0	16
chr5	113211114	113213759	2	2	1	12	0	14
chr5	113912438	113913278	1	1	1	14163	20	10
chr5	113912438	113915893	1	1	1	0	1	3
chr5	114077092	114084965	2	4	0	1	0	15
chr5	114091361	114093778	2	2	1	1845	0	14
chr5	114157175	114157985	1	1	1	0	3	4
chr5	114377083	114542698	2	2	0	0	5	13
chr5	115288186	115288266	2	2	1	6	0	3
chr5	115568948	115571910	1	1	1	5118	1	9
chr5	115618585	115620682	2	2	1	2234	0	3
chr5	115781552	115781633	1	1	1	1	0	4
chr5	116064662	116065894	1	1	1	16174	0	19
chr5	116337181	116363228	1	1	0	1	0	22
chr5	117509001	117509153	1	1	1	0	241	3
chr5	118084003	118085484	1	1	1	2820	0	16
chr5	118194504	118194601	1	1	1	5378	0	16
chr5	118194509	118194601	1	1	1	1	0	3
chr5	119216654	119235542	2	2	0	0	1	15
chr5	119810470	119812090	1	1	1	133	1	7
chr5	120683380	120685513	2	2	1	3301	0	13
chr5	121292590	121300771	2	2	1	19203	1	16
chr5	121517745	121522102	2	2	1	6551	1	8
chr5	121663831	121664807	2	2	1	16	0	3
chr5	121935855	121940143	1	1	1	7671	0	13
chr5	121988592	122002669	2	4	0	0	1	23
chr5	122242969	122243050	1	1	1	73	0	3
chr5	122386109	122386911	2	2	1	0	246	3
chr5	123252693	123253162	1	1	1	846	0	9
chr5	123580435	123580790	1	1	1	2116	0	19
chr5	123669285	123669887	2	2	1	9395	0	16
chr5	123846198	123846634	2	2	1	2286	0	15
chr5	123950169	123950693	1	1	1	6	0	3
chr5	124435774	124436684	2	2	1	1836	0	18
chr5	124585434	124588723	1	1	1	6064	0	17
chr5	124659465	124668737	2	2	1	3597	0	14
chr5	125366820	125371061	2	2	1	0	1	6
chr5	125518957	125528733	1	1	1	10329	0	5
chr5	130158192	130193862	1	1	0	1	0	18
chr5	130332894	130338201	1	1	0	0	1	12
chr5	135478679	135480427	2	2	1	3568	0	4
chr5	135665257	135667943	1	1	1	9233	0	8
chr5	136014049	136042974	1	1	0	1	0	19
chr5	136344902	136348634	2	2	1	4635	0	6
chr5	136780607	136783046	2	2	1	381	0	8
chr5	137093816	137095680	2	2	1	162	0	15
chr5	137245992	137246539	2	2	1	2606	0	6
chr5	137409868	137410213	2	2	1	31	0	9
chr5	137598086	137598238	2	2	1	4720	0	3
chr5	138149559	138151106	2	2	1	10	0	3
chr5	138170511	138170610	1	1	1	615	0	15
chr5	138259979	138260063	2	2	1	11676	0	14
chr5	139036572	139048308	2	2	1	40241	0	10
chr5	140405582	140411016	1	1	1	4079	0	15
chr5	143486953	143488616	1	1	1	6470	0	16
chr5	144261443	144294600	2	2	1	167	0	13
chr5	146120454	146120976	2	2	1	43	0	21
chr5	147460044	147463328	1	1	1	3923	0	3
chr5	149049602	149051600	1	1	1	0	1	3
chr5	149542331	149542425	2	2	1	40188	1	5
chr5	149542459	149548322	2	2	0	1	0	13
chr5	150355256	150356981	1	1	1	0	1021	3
chr6	3994287	4004379	2	2	0	0	2	21
chr6	4619334	4619760	1	1	1	3843	0	8
chr6	5491678	5491829	2	2	1	592	0	6
chr6	13190756	13192567	2	2	1	5	0	3
chr6	29207196	29209218	2	2	1	1	0	3
chr6	29880643	29883621	1	1	1	16971	0	14
chr6	34861317	34863742	2	2	1	1	0	3
chr6	35261605	35264281	2	2	1	951	0	18
chr6	40184473	40231736	1	3	1	0	434	3
chr6	41107127	41107225	1	1	1	2	0	5
chr6	41438275	41439468	1	1	1	5	0	10
chr6	47248314	47273652	1	1	1	630	0	8
chr6	48460857	48461085	1	1	1	355	0	3
chr6	48812610	48812839	2	2	1	2303	0	18
chr6	48821114	48821601	1	1	1	1338	1	5
chr6	50329818	50329964	2	2	1	101	0	3
chr6	51539045	51552882	1	1	1	5509	0	25
chr6	54606936	54607488	1	1	1	555	0	3
chr6	54855440	54861749	1	1	1	3425	0	18
chr6	54915207	54916288	2	2	1	518	0	14
chr6	57699690	57700473	1	1	1	6995	0	9
chr6	57751774	57766961	2	2	1	6739	0	15
chr6	58931408	58932200	2	2	1	1891	0	14
chr6	71116928	71118203	2	2	1	95	0	3
chr6	71299884	71302969	1	1	1	3	0	15
chr6	71309510	71311073	1	1	1	4	0	16
chr6	71551221	71554714	1	1	1	0	628	3
chr6	72496709	72507561	1	1	0	1	0	20
chr6	72821963	72838766	2	2	0	1	0	13
chr6	75271076	75272998	1	1	1	1	0	10
chr6	78348901	78349070	1	1	1	3	0	7
chr6	79618885	79630522	2	2	0	1	0	12
chr6	83057122	83057530	1	1	1	1558	0	10
chr6	84723957	84768222	2	2	1	3743	0	16
chr6	85424280	85424502	2	2	1	0	1	5
chr6	86402528	86402642	1	1	1	10893	0	10
chr6	86628584	86630066	2	2	1	0	124	3
chr6	87443577	87444894	2	2	1	0	53	3
chr6	87514032	87821073	2	2	0	0	4	17
chr6	87977398	87982135	2	2	1	8	23753	8
chr6	88815739	88815826	2	2	1	5209	0	10
chr6	90575259	90621158	1	1	0	0	3	12
chr6	90796267	90796931	1	1	0	1	0	17
chr6	91019373	91019487	2	2	1	3088	1	15
chr6	91134528	91136142	1	1	1	22209	0	4
chr6	91760841	91784976	1	1	0	0	1	16
chr6	92171012	92175164	2	2	1	3779	2	17
chr6	97089168	97089641	2	2	1	26	0	3
chr6	99616185	99617576	2	2	1	6586	19	5
chr6	106760471	106761377	2	2	1	2733	0	12
chr6	113243298	113243519	1	1	1	2198	0	6
chr6	113451234	113453386	1	1	1	6	0	17
chr6	113466572	113466655	1	1	1	9847	0	17
chr6	113706704	113707295	2	2	1	2195	0	10
chr6	114672673	114673991	1	1	1	2	0	3
chr6	115440247	115449821	1	1	1	453	0	20
chr6	116401205	116404103	2	2	1	76	0	19
chr6	117848492	117848827	2	2	0	0	1	14
chr6	118064248	118065069	1	1	1	20694	0	15
chr6	120737231	120767252	1	1	0	0	1	25
chr6	120774926	120778003	2	2	1	58988	5	9
chr6	120872793	120874180	2	2	1	1432	0	4
chr6	124408692	124408916	2	2	1	33733	0	13
chr6	124678541	124679198	1	1	1	2078	0	17
chr6	124789500	124789583	2	2	1	97643	2	15
chr6	124795630	124796335	2	2	1	19341	0	6
chr6	125210725	125211216	2	2	1	10	0	10
chr6	125439167	125439289	2	2	1	4100	0	8
chr6	127066267	127068146	2	2	1	2144	0	5
chr6	127584265	127585525	1	1	1	44	0	12
chr6	128544024	128544771	2	2	1	3	0	15
chr6	129071437	129071978	2	2	1	4	0	8
chr6	129330799	129331439	1	1	1	24	0	10
chr6	129570754	129572372	1	1	1	4	0	6
chr6	131219978	131220858	2	2	1	118	0	24
chr6	140592604	140593697	1	1	1	9894	0	23
chr6	146544151	146549662	1	1	1	4094	1	20
chr6	146707075	146707926	1	1	1	1872	0	13
chr7	3359192	3359351	1	1	1	8052	5	14
chr7	3387048	3387401	1	1	1	33339	0	25
chr7	3635751	3636302	1	1	1	2492	0	21
chr7	4132728	4133574	2	2	0	3	0	12
chr7	4132733	4133579	1	1	1	17136	0	7
chr7	4510423	4510520	2	2	1	8357	0	19
chr7	4667555	4686074	2	2	0	0	3	15
chr7	4667557	4686076	1	1	0	0	9	13
chr7	4707715	4708066	1	1	1	39838	19	17
chr7	4811484	4813420	2	2	1	7822	30	24
chr7	7005531	7005791	1	1	1	5	0	15
chr7	8486798	8488539	2	2	1	1	0	4
chr7	12759344	12759570	1	1	1	20658	0	5
chr7	15289630	15290075	1	1	1	2	0	21
chr7	15654284	15654373	2	2	1	155471	6	23
chr7	15654399	15656176	2	2	1	100977	0	4
chr7	15703968	15848084	2	2	0	0	8	13
chr7	16567151	16567799	1	1	1	1	0	3
chr7	16679105	16694245	2	2	0	0	1	13
chr7	16693860	16694245	2	2	0	0	4	14
chr7	19121172	19121253	1	1	1	2156	0	13
chr7	19265519	19265708	2	2	1	5946	0	12
chr7	24286243	24286582	2	2	1	0	1	3
chr7	24294574	24305629	1	1	1	1546	0	19
chr7	24572131	24572204	1	1	1	1	0	15
chr7	24678761	24692925	1	1	0	0	2	13
chr7	24678761	24765493	1	1	0	12	0	13
chr7	24918457	24919211	2	2	1	1	0	8
chr7	24930308	24931059	2	2	1	26152	0	8
chr7	26879260	26879593	2	2	1	684	0	11
chr7	27232100	27233070	2	2	1	41694	0	14
chr7	27510275	27517279	1	1	1	800	0	23
chr7	27611687	27620121	2	2	1	1	0	23
chr7	27869244	27873928	1	1	1	3194	3	6
chr7	28021739	28021888	2	2	1	1559	0	3
chr7	28090318	28090510	2	2	0	3	0	19
chr7	28090322	28090514	2	2	1	2102	0	15
chr7	28095121	28095195	1	1	1	4989	1	14
chr7	28314213	28314285	2	2	1	162	0	13
chr7	28671991	28672431	2	2	0	1	0	17
chr7	28682906	28683507	1	1	1	91	0	17
chr7	28875599	28876490	2	2	1	5190	0	5
chr7	29546386	29550366	2	2	1	697	0	4
chr7	29891636	29898562	1	1	0	0	9	13
chr7	29932249	29932331	1	1	1	3073	0	24
chr7	30012133	30013343	1	1	1	10404	0	5
chr7	30113325	30113766	1	1	1	229	0	3
chr7	30113794	30113928	1	1	1	1251	0	21
chr7	30117272	30117512	2	2	1	1	0	3
chr7	30316588	30322804	2	2	1	0	3	3
chr7	30316588	30322839	2	2	1	50104	0	4
chr7	30357170	30357262	2	2	1	243	0	21
chr7	30655854	30656120	2	2	1	0	837	3
chr7	30738520	30739607	2	2	1	1943	0	13
chr7	30810218	30817232	2	2	0	1	0	13
chr7	33895552	33895696	2	2	1	2097	0	11
chr7	37173395	37178705	2	2	1	0	1	4
chr7	37662135	37662817	2	2	1	8924	0	15
chr7	43494857	43496407	1	1	1	1	0	15
chr7	44364876	44369166	1	1	1	1	0	8
chr7	44462667	44464412	2	2	1	0	160	3
chr7	44503533	44504015	1	1	1	493	0	3
chr7	44508174	44509311	1	1	1	0	170	3
chr7	44509227	44509311	1	1	1	831	0	3
chr7	44609091	44654355	1	1	0	0	2	13
chr7	44609100	44609267	2	2	1	15700	0	4
chr7	44650447	44651096	1	1	1	2591	0	4
chr7	45074230	45074374	2	2	1	2293	0	8
chr7	45144570	45144645	2	2	1	2115	0	10
chr7	45462338	45462432	2	2	1	0	476	3
chr7	45850847	45851056	2	2	1	69	0	17
chr7	46643135	46644312	2	2	1	2786	0	3
chr7	46739767	46740168	2	2	1	3	0	6
chr7	54485769	54702500	1	1	1	0	1704	3
chr7	55977135	55978454	1	1	1	71	0	16
chr7	59645241	59681597	2	2	0	0	2	14
chr7	65325879	65327743	1	1	1	1358	0	8
chr7	65697418	65698653	1	1	1	862	0	12
chr7	79877831	79877909	2	2	1	1798	0	7
chr7	79960636	79960817	1	1	1	159	0	9
chr7	80945515	80950387	1	1	1	1994	0	24
chr7	81438325	81438999	2	2	1	0	1	6
chr7	81920125	81923068	1	1	1	36	0	3
chr7	83646667	83647698	2	2	1	0	52	3
chr7	84251400	84254850	2	2	1	4801	2	19
chr7	89993196	90091183	1	1	0	0	2	14
chr7	92087283	92091811	1	1	1	13668	0	25
chr7	97020940	97022875	1	1	1	694	0	5
chr7	99670189	99671172	1	1	1	33	0	5
chr7	101499856	101645713	1	1	0	2	3	16
chr7	101666091	101918496	1	1	0	0	5	13
chr7	101673354	101678218	2	2	1	3731	0	12
chr7	102060572	102064544	1	1	1	6343	0	11
chr7	103501210	103501954	2	2	1	3	0	16
chr7	103897990	103898601	1	3	1	156	0	22
chr7	105405277	105405618	2	2	1	352	0	16
chr7	107351624	107352422	2	2	1	0	6	3
chr7	108628933	108629330	1	1	1	10413	3	19
chr7	110060450	110062062	2	2	1	5978	0	6
chr7	110623677	110673886	2	2	0	3	0	14
chr7	110673752	110673886	2	2	1	54235	0	20
chr7	116026309	116051656	2	2	0	0	1	22
chr7	119794732	119796872	2	2	1	2115	0	19
chr7	121780193	121780514	2	2	1	51	0	12
chr7	122271037	122273246	2	2	0	0	1	12
chr7	122926567	122930448	2	2	1	1306	0	11
chr7	126052623	126055548	2	2	1	917	0	8
chr7	126174431	126174515	2	2	1	700	0	5
chr7	126269867	126270709	1	1	1	1409	0	11
chr7	126299814	126299911	2	2	1	0	852	3
chr7	126540736	126541318	1	1	1	0	1472	3
chr7	126574257	126574478	2	2	1	52	0	12
chr7	126591645	126591725	2	2	1	360	0	10
chr7	126617903	126618055	2	2	1	12865	0	25
chr7	126872570	126888329	1	1	0	0	1	12
chr7	127074999	127075078	1	1	1	1431	0	17
chr7	127195140	127195226	1	1	1	2150	0	25
chr7	127211946	127214115	2	2	1	1	0	3
chr7	127406562	127406827	2	2	1	61898	4	9
chr7	127487973	127488105	2	2	1	168	0	7
chr7	127729557	127729988	1	1	1	5	0	22
chr7	127836438	127851972	1	1	0	0	1	16
chr7	127851996	127888314	2	2	0	0	1	12
chr7	129773413	129774546	2	2	1	6349	0	15
chr7	132243317	132244215	1	1	1	1011	0	14
chr7	133196216	133196932	2	2	1	1	0	8
chr7	133871987	133894956	2	2	1	0	47	3
chr7	133871987	133950440	2	2	1	0	74	3
chr7	138472232	138474602	1	1	1	4184	0	8
chr7	138622674	138624386	1	1	1	2018	0	23
chr7	138684272	138705410	2	2	0	1	0	13
chr7	139651611	139652497	2	2	1	26471	1	22
chr7	139681583	139682219	2	2	1	3045	0	19
chr7	140647158	140647239	1	1	1	7631	2	14
chr7	140744588	140746595	2	2	1	0	608	3
chr7	140772204	140772354	2	2	1	0	1912	3
chr7	140971890	140982158	2	2	0	0	1	17
chr7	141038891	141039079	1	1	1	2720	0	7
chr7	142620090	142620397	1	1	1	68996	0	10
chr7	142661479	142703234	1	1	1	39	0	12
chr7	143030043	143033021	1	1	1	16	0	24
chr7	144011517	144014915	2	2	1	10360	1	7
chr8	3502170	3507274	1	1	0	0	2	13
chr8	3663500	3663589	2	2	1	1863	0	12
chr8	3672429	3672592	1	1	1	7747	0	8
chr8	4404001	4404090	1	1	1	672	0	13
chr8	11272294	11272998	2	2	1	118	0	3
chr8	11592591	11597726	2	2	1	1446	0	15
chr8	11894263	11903124	1	1	1	3	0	10
chr8	13039357	13063011	2	2	0	1	0	13
chr8	13215968	13217157	1	1	1	34015	0	13
chr8	13285989	13292251	2	2	1	0	14	3
chr8	13935202	13935665	2	2	1	5407	0	14
chr8	13974411	13981331	1	1	0	0	1	13
chr8	13981365	13985145	1	1	1	11320	1	6
chr8	20500148	20637606	1	1	0	0	6	19
chr8	21044776	21179554	1	1	0	0	6	19
chr8	25496291	25506700	2	2	1	2296	0	10
chr8	25542714	25567482	1	1	0	1	0	15
chr8	26529780	26534267	2	2	1	7316	1	21
chr8	31582129	31584115	1	1	1	1129	0	15
chr8	34583457	34628504	1	1	0	0	3	20
chr8	34628528	34632294	1	1	1	15726	3	9
chr8	40907660	40909071	1	1	1	6332	0	12
chr8	40994135	40996850	1	1	1	4943	0	4
chr8	46198879	46212089	1	1	1	7831	0	15
chr8	48331937	48333135	2	2	1	3934	0	14
chr8	50642473	50689152	2	2	0	1	0	21
chr8	53964967	53966576	1	1	1	761	0	6
chr8	56870983	56916423	2	2	0	1	0	12
chr8	57965040	57965608	1	1	1	0	23	10
chr8	64578037	64658248	2	2	1	249	0	10
chr8	65212854	65372768	1	1	0	0	5	12
chr8	69560317	69560934	1	1	1	40468	0	17
chr8	70584250	70584567	1	1	1	0	261	3
chr8	70617902	70618179	1	1	1	95	0	4
chr8	70749951	70757424	1	1	0	1	0	13
chr8	71221877	71221991	2	2	1	8477	0	17
chr8	71820493	71820602	1	1	1	3506	0	4
chr8	71974027	71974482	2	2	1	1	0	23
chr8	71988470	71989002	2	2	1	827	0	14
chr8	71988470	72071087	2	2	0	2	0	14
chr8	71996128	71997867	1	1	1	2447	0	10
chr8	72135058	72135543	1	1	1	617	0	6
chr8	73419757	73421895	1	1	1	5021	0	10
chr8	75749933	75750625	1	1	1	1181	0	17
chr8	75822605	75823477	1	1	1	275	0	12
chr8	78140562	78265966	1	1	0	4	0	21
chr8	78259682	78265968	2	2	0	3	0	21
chr8	81227637	81229688	1	1	1	3	0	11
chr8	84048192	84049295	2	2	1	1239	0	15
chr8	84261617	84298488	2	2	0	0	1	15
chr8	84297628	84298061	1	1	1	25402	0	6
chr8	84737122	84737339	2	2	1	51	0	7
chr8	84752904	84753377	1	1	1	232	0	3
chr8	84983049	84983518	2	2	1	3584	0	6
chr8	85363328	85365240	1	1	1	0	679	3
chr8	85564764	85564901	2	2	1	10725	0	11
chr8	85679418	85679541	1	1	1	394	0	6
chr8	85711492	85712672	2	2	1	0	1	5
chr8	85806467	85806748	2	2	1	2925	0	5
chr8	86018395	86031902	2	2	0	1	0	12
chr8	86138925	86153488	2	2	1	0	131	3
chr8	86138925	86159287	2	2	1	0	131	3
chr8	86493682	86502768	2	2	1	22885	0	8
chr8	87265156	87266654	2	2	1	38	0	8
chr8	89059653	89060365	2	2	1	5476	0	14
chr8	89354456	89356541	2	2	1	256	0	17
chr8	91783079	91797146	2	2	0	0	1	12
chr8	91852915	91853301	2	2	1	15153	0	17
chr8	91997180	92000238	2	2	1	1952	0	14
chr8	92136470	92168290	1	1	1	0	1	3
chr8	93901807	93902793	2	2	1	14	0	10
chr8	94083777	94084044	2	2	1	2	0	7
chr8	94837726	94879675	2	2	0	0	1	13
chr8	95797998	95798170	1	1	1	923	0	20
chr8	95830163	95830522	2	2	1	0	447	3
chr8	96047567	96047787	1	1	1	37	0	18
chr8	96164911	96435749	2	2	0	0	4	12
chr8	96291107	96292085	2	2	1	2	0	24
chr8	96323677	96435749	2	2	0	9	0	12
chr8	96373048	96435749	2	2	0	10	0	12
chr8	96572572	96572760	2	2	1	3566	0	15
chr8	105152131	105152590	2	2	1	304	0	3
chr8	105178493	105179256	2	2	1	0	1	6
chr8	105212124	105215118	2	2	1	39	0	4
chr8	106053107	106053682	1	1	1	159	0	3
chr8	106316726	106363094	2	4	0	1	0	12
chr8	106363116	106406562	2	2	0	1	0	18
chr8	106772702	106775284	1	1	1	1908	0	7
chr8	106861569	106862988	2	2	1	23	0	11
chr8	106953952	106961479	1	1	1	0	531	3
chr8	106981993	106982236	2	2	1	1636	0	14
chr8	107773904	107774692	2	2	1	2516	0	23
chr8	107779615	107787438	1	1	0	0	1	12
chr8	107783623	107783724	1	1	1	499	0	24
chr8	108307952	108309013	2	2	1	16945	3	15
chr8	111442210	111446438	1	1	1	2716	0	18
chr8	111475373	111476056	2	2	1	6244	0	7
chr8	111707300	111707622	2	2	1	2550	0	13
chr8	111749087	111750597	2	2	1	1190	0	22
chr8	112641971	112644922	2	2	1	1023	0	13
chr8	114932683	114956945	1	1	1	9640	0	9
chr8	118182484	118183625	1	1	1	349	0	3
chr8	120194384	120195007	1	1	1	440	0	3
chr8	120406978	120407770	1	1	1	1052	0	14
chr8	120549551	120566880	2	2	1	11017	1	5
chr8	122653941	122666373	2	2	1	0	1	3
chr8	123009349	123031171	2	2	0	1	0	24
chr8	123340748	123341046	1	1	1	6268	0	25
chr8	123955640	123955850	1	1	1	3565	0	21
chr8	124252413	124253203	1	1	1	4351	0	4
chr8	124619475	124619571	2	2	1	699	0	23
chr8	125022009	125022096	1	1	1	1	0	3
chr8	125111337	125128508	2	4	0	1	0	12
chr8	125364704	125365829	2	2	1	11520	0	9
chr8	125530413	125628610	1	1	0	0	2	12
chr8	125628632	125629429	1	1	1	1591	2	18
chr9	7791110	7791311	1	1	1	2361	0	15
chr9	13747229	13747398	1	1	1	3342	0	17
chr9	14673027	14678152	2	2	1	277	0	11
chr9	15189020	15190845	2	2	1	0	1	5
chr9	15638183	15750225	1	1	0	0	10	15
chr9	18368349	18368796	2	2	1	40	0	3
chr9	20556556	20556701	1	1	1	34551	1	12
chr9	20938977	20939066	1	1	1	186	0	15
chr9	21210559	21240605	2	4	0	1	0	15
chr9	21450411	21451137	1	1	1	10	0	18
chr9	21612283	21612383	1	1	1	11845	4	6
chr9	21852170	21852297	1	1	1	9046	0	6
chr9	22024976	22025103	2	2	1	3783	0	4
chr9	22361160	22365074	2	2	1	6846	0	4
chr9	22490890	22540237	1	1	1	2008	0	24
chr9	34363566	34401396	1	1	0	1	0	15
chr9	35124833	35125042	1	1	1	5777	0	17
chr9	36779264	36780143	1	1	1	23352	0	11
chr9	37340489	37340783	2	2	1	2659	0	16
chr9	40828942	40833955	2	2	1	24	0	17
chr9	44083698	44084862	1	1	0	1	0	16
chr9	44154962	44157008	1	1	1	1116	0	13
chr9	44364851	44365091	2	2	1	3	0	24
chr9	44629152	44707711	2	2	0	0	2	12
chr9	44700925	44701187	1	1	1	6217	0	19
chr9	44713135	44758203	2	2	0	0	1	12
chr9	45171770	45175622	2	2	1	200	0	19
chr9	45281787	45301285	1	1	1	4127	0	12
chr9	45841814	45842130	2	2	1	1723	0	15
chr9	46184666	46184775	1	1	1	2316	0	20
chr9	46220744	46221522	2	2	1	1	0	3
chr9	48817693	48818653	2	2	1	417	0	12
chr9	48935386	48937067	1	1	1	1573	0	17
chr9	50508551	50510060	2	4	1	1134	0	3
chr9	53842874	53843013	2	2	1	21466	3	15
chr9	54675782	54680109	1	1	1	230	0	18
chr9	54929573	54931429	2	2	1	1562	0	8
chr9	55403108	55407301	2	2	1	0	3339	14
chr9	57063576	57063799	2	2	1	7424	0	18
chr9	57352773	57353354	2	2	1	38387	1	5
chr9	57458057	57459429	2	2	1	4994	0	10
chr9	57829309	57829733	1	1	1	9759	0	9
chr9	57937245	57937616	2	2	1	129	0	17
chr9	58270407	58271055	2	2	1	4	0	16
chr9	59427522	59432000	2	2	1	10	0	25
chr9	59563933	59572482	1	1	1	62743	47	11
chr9	59564554	59572482	1	1	1	7	0	4
chr9	59564581	59572482	1	1	1	25	7	5
chr9	59570440	59572482	1	1	1	0	4	6
chr9	59616793	59617144	1	1	1	46	0	3
chr9	59855804	59855885	2	2	1	1	0	19
chr9	61826253	61826893	2	2	1	72	0	4
chr9	63542670	63543665	1	1	1	8283	6	6
chr9	64054203	64054551	2	2	1	3	0	3
chr9	64843306	64844516	2	2	1	8	0	14
chr9	64905539	64906343	2	2	0	0	1	14
chr9	65122915	65133334	1	1	1	576	0	17
chr9	65557288	65557843	1	1	1	188	0	14
chr9	65584048	65593477	1	1	1	13319	173	15
chr9	66043630	66045618	1	1	1	3041	0	12
chr9	66653932	66654857	1	1	1	1443	0	13
chr9	66697904	66735977	1	1	0	0	4	16
chr9	69390347	69391061	1	1	1	1316	0	11
chr9	70003438	70047012	1	1	0	0	1	12
chr9	71763820	71765765	2	2	1	4984	0	17
chr9	75170408	75173349	1	1	1	57	0	18
chr9	77688425	77688515	1	1	1	10685	0	4
chr9	82782907	82785176	2	2	1	7314	0	17
chr9	82996856	83002425	2	2	1	9627	0	13
chr9	83917140	83927473	2	2	0	1	0	22
chr9	92080714	92085346	1	1	1	45	0	11
chr9	95590901	95592168	2	2	1	3220	0	6
chr9	96353906	96356010	2	2	1	7149	5	4
chr9	96711123	96721138	2	2	1	0	138	3
chr9	98307685	98326642	1	1	1	2179	0	6
chr9	99351809	99352842	1	1	1	0	2	3
chr9	101031074	101052526	2	2	1	0	471	3
chr9	103097058	103104111	2	2	0	0	1	17
chr9	103892681	103893278	1	1	1	936	0	13
chr9	104184188	104186608	2	2	1	6	0	22
chr9	105040447	105081988	2	2	1	253	0	4
chr9	106338324	106338463	1	1	1	13798	2	7
chr9	106354953	106357894	1	1	1	3077	14	5
chr9	106699508	106726408	2	2	0	1	0	18
chr9	107205730	107206522	2	2	1	1	0	13
chr9	107477307	107477528	2	2	1	270	0	10
chr9	107935796	107935981	2	2	1	6431	0	17
chr9	107935798	107935984	1	1	0	6	0	19
chr9	109676650	109677459	2	2	1	14	0	8
chr9	109708336	109708901	1	1	1	556	0	12
chr9	109908937	110076966	2	2	0	0	6	12
chr9	110595839	110596975	1	1	1	5	0	9
chr9	110967969	110977046	1	1	0	1	0	13
chr9	114542672	114544161	1	1	1	13937	0	20
chr9	115770469	115773239	1	1	1	24	0	3
chr9	119170985	119171788	1	1	1	3792	1	14
chr9	120323703	120323978	1	1	1	5018	2	19
chr9	121489340	121490027	1	1	1	1205	1	16
chr9	121495239	121541702	2	2	0	0	1	12
chr9	121535982	121536624	1	1	1	1	0	5
chr10	3690618	3691056	1	1	0	1	0	14
chr10	3690620	3691056	1	1	0	1	0	14
chr10	3690620	3695363	1	1	0	1	0	14
chr10	9684343	9684772	2	2	1	6868	0	19
chr10	11042482	11043577	1	1	1	2598	0	11
chr10	13056762	13058022	2	2	1	2032	0	13
chr10	13437555	13438380	1	1	1	1586	0	13
chr10	13677694	13704986	2	2	1	0	1	3
chr10	17887565	17894586	2	2	1	1	0	8
chr10	20180995	20209261	2	2	1	0	4	6
chr10	21227944	21228440	1	1	1	4954	0	3
chr10	23701939	23702040	1	1	1	1597	0	4
chr10	24060968	24063525	1	1	1	13904	0	16
chr10	29098127	29098216	1	1	1	11900	1	19
chr10	29382576	29411227	2	2	1	2015	0	23
chr10	33745273	33746159	1	1	1	4	0	4
chr10	36862421	36864075	1	1	1	12059	1	16
chr10	38936265	38937349	1	1	1	515	0	14
chr10	39521773	39522844	1	1	1	114	0	21
chr10	39659329	39666764	1	1	1	4	0	3
chr10	40802615	40806626	1	1	1	22747	1	17
chr10	41395697	41397913	1	1	1	4981	0	13
chr10	53517159	53523078	2	2	1	453	0	10
chr10	57661775	57662360	1	1	1	5965	0	9
chr10	59574246	59609616	2	2	0	0	1	12
chr10	59933174	60130399	1	1	0	3	0	17
chr10	60602941	60604102	2	2	1	2519	0	13
chr10	61270883	61288180	2	2	1	0	1180	3
chr10	61510788	61527119	1	1	0	0	6	12
chr10	61797138	61814127	2	2	1	136	0	7
chr10	62234484	62234568	2	2	1	0	1	4
chr10	62479152	62482692	2	2	1	5446	0	11
chr10	62793950	62794674	1	1	1	190	0	7
chr10	63202990	63231181	2	2	0	0	2	19
chr10	67103946	67105884	2	2	1	0	156	3
chr10	67875969	67877208	1	1	1	974	0	8
chr10	71092539	71094030	2	2	1	8196	0	17
chr10	72492194	72492361	1	1	1	24464	0	6
chr10	76335488	76336895	1	1	1	0	4	3
chr10	76371502	76372077	1	1	1	3709	0	5
chr10	76599226	76603697	2	2	1	6627	0	23
chr10	77417762	77428679	1	1	1	1875	0	4
chr10	77425577	77428679	1	1	1	525	1	3
chr10	77840813	77884514	2	2	0	1	0	13
chr10	78070606	78118371	2	2	0	1	0	22
chr10	79520739	79520838	1	1	1	0	4	21
chr10	79714677	79748482	2	2	0	1	0	13
chr10	79731245	79731460	2	2	1	0	447	3
chr10	79748316	79748482	2	2	1	16745	0	13
chr10	79754752	79755260	1	1	1	424	0	4
chr10	79833697	79833847	1	1	1	1940	0	11
chr10	79875450	79957729	1	1	0	5	0	16
chr10	79891934	79892019	1	1	1	0	29261	20
chr10	80005751	80005849	1	1	1	16562	2	4
chr10	80362080	80362700	2	2	1	2	0	16
chr10	80642534	80642632	1	1	1	184	0	5
chr10	80885716	80886832	2	2	1	0	311	3
chr10	80912885	80913746	1	1	1	5213	0	14
chr10	80973177	81148386	1	1	0	0	3	14
chr10	81108538	81108655	1	1	1	1493	0	21
chr10	81140672	81179023	2	2	0	1	0	16
chr10	81148421	81148741	1	1	1	18191	3	3
chr10	81229730	81229926	1	1	1	0	19	3
chr10	81368359	81369085	2	2	1	7864	1	3
chr10	81434491	81434910	2	2	1	68	0	15
chr10	81479728	81482138	1	1	1	5159	0	4
chr10	82586282	82586571	2	2	1	6290	1	5
chr10	83438763	83438989	2	2	1	12700	2	22
chr10	86138938	86174236	1	1	1	0	29	3
chr10	86540237	86825345	2	2	0	0	15	12
chr10	87989511	87994719	1	1	1	764	0	3
chr10	88248509	88250254	1	1	1	7365	0	9
chr10	89644520	89645487	2	2	0	0	1	19
chr10	89644523	89645489	1	1	1	5821	1	18
chr10	89878565	89885677	1	1	1	2753	0	5
chr10	91723129	91761971	2	2	0	0	1	16
chr10	92530971	92534031	2	2	1	309	0	24
chr10	93423986	93425400	2	2	1	1660	0	25
chr10	95385723	95387310	2	2	1	7958	0	22
chr10	97944366	97945711	1	1	0	1	0	20
chr10	100310337	100312418	2	2	1	2053	0	9
chr10	107717338	107717555	2	2	1	13	0	11
chr10	109538170	109539295	1	1	0	1	0	12
chr10	111122114	111123687	1	1	1	11177	0	3
chr10	111331237	111331900	1	1	1	16515	0	22
chr10	115406187	115414179	1	1	1	16	0	3
chr10	117053205	117053333	2	2	1	15	0	3
chr10	118042817	118045353	1	1	1	27	0	15
chr10	118126134	118129025	2	2	1	0	1	3
chr10	119815813	119861225	1	1	0	1	0	18
chr10	119981866	119982335	2	2	1	200	0	16
chr10	121093487	121114840	2	2	0	1	0	16
chr10	121571067	121599126	1	1	0	0	1	15
chr10	121586054	121599134	2	4	0	0	1	12
chr10	121599185	121608852	2	2	0	1	0	24
chr10	122702615	122742230	1	1	0	0	1	21
chr10	126977286	127022774	1	1	0	0	1	12
chr10	127010260	127010674	2	2	1	178	0	11
chr10	127077953	127087425	2	2	0	0	1	13
chr10	127122826	127122936	2	2	1	1	0	3
chr10	127126761	127129580	1	3	1	3754	0	4
chr10	127164853	127165367	1	1	1	0	11	3
chr10	127564124	127611618	1	1	0	0	1	15
chr10	127871553	127872357	1	1	1	17511	5	23
chr10	127973577	127973788	2	2	1	739	0	19
chr10	128114240	128114534	1	1	1	63	0	3
chr10	128225722	128225901	1	1	1	2744	0	4
chr10	128328272	128328470	2	2	1	25187	99	25
chr10	128572588	128572877	2	2	1	1286	0	20
chr10	128654885	128655822	2	2	1	280	0	13
chr10	128756561	128758522	2	2	1	3296	5	23
chr11	3405860	3465018	2	2	0	0	3	21
chr11	3441091	3441891	1	1	1	204	0	16
chr11	3450250	3450573	2	2	1	3633	0	4
chr11	4021496	4024719	1	1	1	54	0	17
chr11	4090079	4090297	1	1	1	2647	0	16
chr11	4688949	4689123	2	2	1	8290	0	14
chr11	4770494	4798871	2	2	1	4524	0	7
chr11	4990181	4990266	1	1	1	17921	0	5
chr11	5049273	5049747	1	1	1	0	1	5
chr11	5848540	5848760	2	2	1	2	0	3
chr11	6223888	6224107	2	2	1	7046	0	19
chr11	8999201	9002693	1	1	1	218	0	13
chr11	9158853	9182943	2	2	0	0	1	23
chr11	11232698	11302521	2	2	1	170	0	16
chr11	16211489	16212913	1	1	1	13272	0	22
chr11	17002349	17004630	1	1	1	5791	0	16
chr11	17119485	17148500	2	2	0	0	1	15
chr11	20256601	20257891	2	2	1	6120	0	17
chr11	23823911	23824474	2	2	1	683	0	17
chr11	29106944	29107024	1	1	1	1765	0	10
chr11	29324608	29350183	1	1	1	7113	1	23
chr11	29483993	29485089	1	1	1	808	0	5
chr11	30058571	30071522	1	1	0	1	0	12
chr11	32157051	32157556	1	1	1	6253	0	16
chr11	35660775	35666912	1	1	1	4268	3	5
chr11	43313814	43315545	2	2	1	0	222	3
chr11	43331507	43332047	1	1	1	6962	0	21
chr11	45895122	46148345	1	1	0	1	4	20
chr11	45990757	46003583	1	1	1	1510	0	6
chr11	46465457	46467976	1	1	1	3	0	3
chr11	47023513	47085857	2	2	1	1976	4	6
chr11	48692662	48693099	1	3	1	38939	0	17
chr11	48692670	48693108	2	2	0	6	0	25
chr11	48693122	48713609	1	1	0	1	0	13
chr11	48780184	48878408	1	1	0	0	7	21
chr11	48798948	48878408	1	1	0	0	7	21
chr11	48839015	48878408	1	1	0	0	7	21
chr11	49709487	49709963	1	1	1	820	0	14
chr11	50101543	50127469	2	2	0	0	1	13
chr11	50121929	50122017	1	1	1	2352	0	3
chr11	50128268	50129204	2	2	1	490	0	11
chr11	51888726	51891119	2	2	1	34480	4	15
chr11	51989978	52003946	1	1	1	20575	1	10
chr11	53524041	53525320	2	2	1	3	0	4
chr11	53740937	53749938	2	2	1	122	0	25
chr11	53844010	53845513	2	2	1	241	0	25
chr11	54799966	54800262	1	1	1	5118	0	13
chr11	54809552	54814998	2	4	1	0	1	3
chr11	54999907	55000203	1	1	1	4425	0	14
chr11	55286713	55310008	1	1	0	0	1	12
chr11	58228626	58228774	1	1	1	3895	0	14
chr11	60006082	60008749	2	2	0	0	1	21
chr11	60623490	60656508	2	2	0	1	0	12
chr11	60832773	60833130	1	1	1	0	1	5
chr11	60833180	60833976	1	1	1	269	0	12
chr11	62678871	62679755	2	2	1	604	0	9
chr11	67081260	67082173	1	1	1	22	0	6
chr11	67169893	67170715	1	1	1	16	0	21
chr11	68382857	68383077	1	1	1	83	0	23
chr11	69471342	69477716	1	1	1	9	1523	13
chr11	69584368	69584446	2	2	1	881	0	19
chr11	69689099	69689389	2	2	1	1435	0	13
chr11	69716681	69767229	1	1	0	14	0	12
chr11	69730095	69730191	1	1	1	5042	0	24
chr11	69798009	69798089	1	1	1	6415	0	14
chr11	69806939	69807023	1	1	1	2532	0	20
chr11	69988101	69988645	1	1	1	23	0	3
chr11	70108748	70109418	2	2	1	1	118	5
chr11	70416322	70416710	1	1	1	7139	0	19
chr11	70596792	70596878	1	1	1	11113	0	4
chr11	70775795	70777836	1	1	1	15718	0	15
chr11	71936601	71937165	1	1	1	31	0	4
chr11	72148309	72149783	2	2	1	705	0	17
chr11	72290852	72291154	2	2	1	441	0	5
chr11	72344427	72344879	2	2	1	2487	0	19
chr11	72742761	72743984	1	1	1	3623	0	17
chr11	73022594	73023519	1	1	1	9	0	17
chr11	73581203	73601295	1	1	1	3	0	8
chr11	74284309	74286604	2	2	1	8773	0	17
chr11	74520938	74526066	1	1	1	0	435	3
chr11	75072188	75074027	2	2	1	2160	0	17
chr11	75402261	75402605	1	1	1	174	0	15
chr11	75479179	75483014	1	1	1	17	0	3
chr11	75483046	75489005	1	1	1	29594	0	19
chr11	75560858	75560956	1	1	1	2045	2	14
chr11	76300665	76301952	1	1	1	6288	0	8
chr11	76313056	76359117	1	1	0	1	0	16
chr11	78062927	78215607	2	2	0	0	3	15
chr11	78080489	78080955	1	1	1	1044	0	6
chr11	78215630	78248857	1	1	0	0	1	14
chr11	78215642	78215734	1	1	1	9	0	3
chr11	78391674	78392399	1	1	1	2033	0	15
chr11	78462391	78463058	2	2	1	8618	0	14
chr11	79131581	79144699	1	1	0	1	0	12
chr11	80024133	80024854	1	1	1	620	0	24
chr11	80237713	80244237	1	1	1	1977	0	10
chr11	81993555	81993935	1	1	1	123	0	16
chr11	83280614	83281520	1	1	1	14699	0	21
chr11	83416891	83419981	2	2	1	51	0	13
chr11	83553565	83554284	1	1	1	8	0	17
chr11	84974721	84994724	2	2	1	0	1941	3
chr11	85361662	85367463	1	1	1	8085	1	25
chr11	86988021	86989488	2	2	1	5	0	3
chr11	88608891	88609781	1	1	1	0	2	13
chr11	89414035	89417271	2	2	1	1445	0	16
chr11	90496858	90497793	2	2	1	676	0	15
chr11	90537726	90540173	2	2	1	1627	0	10
chr11	93854155	93856633	2	2	1	0	9612	4
chr11	94315872	94465537	1	1	0	3	0	24
chr11	94433811	94434119	2	2	1	943	0	16
chr11	95860811	95861494	2	2	1	1	0	17
chr11	96026682	96029552	1	1	1	36	0	18
chr11	96680180	96691596	1	1	1	3840	9	4
chr11	96802008	96802377	2	2	1	3740	0	8
chr11	97039894	97040187	2	2	1	124	0	3
chr11	97548446	97599581	1	1	0	0	3	22
chr11	97617684	97620379	2	2	1	10204	7	11
chr11	97620408	97820151	2	2	0	1	7	12
chr11	97869413	97889593	2	2	0	1	0	17
chr11	97885312	97885892	2	2	1	52	0	6
chr11	97885954	97886643	2	2	1	29	0	10
chr11	98586240	98586348	1	1	1	1	0	22
chr11	98604946	98605227	2	2	1	10454	0	12
chr11	99322821	99323007	2	2	1	34	0	6
chr11	100150604	100151359	2	2	1	4	0	11
chr11	100771425	100771855	1	1	1	325	0	17
chr11	101208554	101210281	1	1	1	6589	0	16
chr11	101314705	101314802	2	2	1	224	0	13
chr11	101626277	101626634	1	1	1	4182	0	7
chr11	101914609	101915902	2	2	1	2795	0	16
chr11	102210616	102255107	2	2	0	1	0	21
chr11	102291625	102291719	1	1	1	43339	1	18
chr11	102467624	102469575	2	2	1	348	0	23
chr11	102577323	102579626	2	2	1	3485	0	23
chr11	102782781	102783860	2	2	1	19328	0	18
chr11	102947326	102948190	1	1	1	7791	0	18
chr11	103099070	103099586	2	2	1	138	0	14
chr11	103718151	103719257	2	2	1	73751	7	5
chr11	104074556	104173275	2	2	0	0	3	25
chr11	105238594	105238685	1	1	1	1	0	3
chr11	106192038	106192221	2	2	1	554	0	7
chr11	106391522	106630424	2	2	0	5	38	25
chr11	106612662	106746304	1	1	0	0	3	25
chr11	106700128	106700453	1	1	1	1286	0	5
chr11	107187097	107211618	2	2	1	5037	0	8
chr11	107211627	107212412	2	2	1	5239	2	10
chr11	107540167	107546869	1	1	1	5021	0	11
chr11	109320664	109320749	1	3	1	527	0	3
chr11	109573742	109575463	2	2	1	217	0	14
chr11	109929287	109931326	2	2	1	643	0	14
chr11	115382025	115382096	2	2	1	6682	0	12
chr11	115706237	115706523	1	1	1	528	0	16
chr11	115877798	116089127	2	2	0	0	29	13
chr11	115970611	115971047	2	2	1	13798	3	12
chr11	116052336	116054143	2	2	1	3376	0	19
chr11	116192153	116195402	2	2	1	11371	0	12
chr11	116437795	116439595	2	2	1	11645	0	5
chr11	116739965	116740041	1	1	1	968	0	22
chr11	117725845	117725970	1	1	1	422	0	18
chr11	119804764	119806238	1	1	1	3909	2	5
chr11	119903162	119903548	2	2	1	2	5	5
chr11	120425845	120426885	1	1	1	1	0	3
chr11	120434575	120434729	2	2	1	15636	1	7
chr11	120471081	120747500	2	2	0	12	0	13
chr11	120488593	120488930	2	2	1	5335	0	18
chr11	121111988	121112061	1	1	1	656	0	18
chr11	121189682	121190409	1	1	1	1335	0	3
chr11	121500917	121502489	1	1	1	17	0	3
chr12	4244448	4244865	1	1	1	6614	0	17
chr12	4264725	4302407	2	2	0	1	0	13
chr12	4289018	4302405	2	2	0	0	1	13
chr12	4363122	4365685	2	2	1	2	0	3
chr12	4867820	4870593	1	1	1	11637	0	23
chr12	8929014	8972107	1	3	0	1	0	12
chr12	11332442	11333071	1	1	1	3348	0	20
chr12	13319249	13341583	2	2	0	0	9	12
chr12	16870386	16872093	1	5	1	3629	0	14
chr12	17595170	17597096	1	1	1	149	0	11
chr12	21367430	21367898	1	1	1	2141	0	16
chr12	24550534	24554945	1	1	1	1219	0	14
chr12	26371159	26377276	2	2	1	0	416	3
chr12	30338315	30357170	2	2	1	58	0	13
chr12	33479908	33483503	1	1	1	852	0	24
chr12	40370698	40372528	2	2	1	1047	0	12
chr12	40644494	40645071	2	2	0	1	0	13
chr12	51649657	51649978	1	1	1	2006	0	12
chr12	51798841	51800523	2	2	1	7292	0	10
chr12	54695543	54703221	1	1	0	0	1	14
chr12	55107979	55109772	2	2	1	1503	0	18
chr12	55907957	55908174	1	5	1	3294	0	18
chr12	56812911	56816937	2	2	1	40	0	18
chr12	65110550	65112510	2	2	1	20029	0	19
chr12	65110550	65167663	2	2	0	2	0	19
chr12	69269954	69273111	2	2	1	81	0	15
chr12	69298263	69298701	1	1	1	16	0	3
chr12	69303033	69304796	1	1	1	1158	0	20
chr12	71158355	71158479	1	1	1	1	0	24
chr12	71998907	71999225	1	1	1	11477	0	14
chr12	72134820	72159391	1	1	0	1	0	14
chr12	72263604	72263688	2	2	1	15378	0	3
chr12	76464491	76465701	1	1	1	248	0	18
chr12	76953849	76956984	1	1	1	2995	0	8
chr12	77403351	77495351	1	1	0	0	2	15
chr12	79101345	79101433	1	1	1	2930	0	10
chr12	80739802	80752317	1	1	1	0	1	5
chr12	80915399	80916848	1	1	1	3911	0	6
chr12	81781030	81781843	2	2	1	5151	0	13
chr12	83106585	83110195	1	1	1	5815	1	12
chr12	83722093	83722855	1	1	1	13206	0	25
chr12	84393710	84395050	2	2	1	0	69	3
chr12	84413794	84414916	1	1	1	2014	0	8
chr12	84655871	84656152	2	2	1	1233	0	15
chr12	85162096	85165132	1	1	1	10191	0	4
chr12	85567542	85585114	2	2	0	0	1	19
chr12	85850020	85851141	1	1	1	164	0	17
chr12	87298593	87299408	2	2	1	5806	34	10
chr12	87299443	87299939	2	2	1	5706	0	9
chr12	87490797	87494333	1	1	1	15332	6	4
chr12	87494369	87496062	1	1	1	2	0	7
chr12	90153526	90171309	2	2	0	1	0	16
chr12	91531380	91556278	1	1	0	1	0	20
chr12	91783083	91784055	2	2	1	8330	0	25
chr12	99820960	99821796	2	2	1	91	0	8
chr12	101812106	101812854	2	2	1	5768	0	21
chr12	101964949	101965631	1	1	1	407	0	5
chr12	102372137	102379723	2	2	1	16588	3	9
chr12	102934101	103029363	1	1	0	2	0	12
chr12	103001385	103029363	1	1	0	26	0	12
chr12	103027776	103029363	1	1	1	3901	0	12
chr12	103550437	103551965	1	1	1	4258	0	10
chr12	103732230	103733674	2	2	1	1	0	16
chr12	104663404	104666623	2	2	1	4440	0	14
chr12	109001338	109002921	2	2	1	12049	9	5
chr12	110704660	110747650	2	2	0	1	0	14
chr12	111497391	111509630	2	2	0	0	1	14
chr12	112092846	112093095	1	1	1	474	0	18
chr12	112463419	112463766	1	1	1	2	0	14
chr12	112606196	112607391	1	1	1	4419	0	6
chr12	112614416	112615413	1	1	1	1373	0	4
chr12	117217277	117219165	1	3	1	30505	0	9
chr13	3991333	4006823	1	1	0	0	1	13
chr13	19048283	19050289	1	1	1	16827	0	13
chr13	19445385	19446813	1	1	1	4	0	9
chr13	21629955	21749416	2	2	0	3	0	12
chr13	22219357	22226730	2	4	0	0	8	19
chr13	23719875	23728912	1	3	0	0	6	23
chr13	33275803	33277503	1	1	1	0	7	3
chr13	34258436	34290305	1	1	0	0	3	13
chr13	38167463	38169239	2	2	1	17712	0	5
chr13	41304003	41306165	1	1	1	31	0	16
chr13	46789176	46858187	2	2	0	0	5	14
chr13	47189504	47193579	2	2	1	1	0	3
chr13	48667106	48667609	1	1	1	341	0	17
chr13	49206240	49298137	2	2	0	0	4	12
chr13	49617814	49618170	2	2	1	57	0	23
chr13	51579126	51808572	2	2	0	0	8	12
chr13	54687670	54689236	1	1	1	2159	0	7
chr13	54742906	54746861	2	2	0	0	3	12
chr13	54746647	54746856	2	2	1	22990	4	10
chr13	54879266	54881049	1	1	1	138	0	10
chr13	55143754	55143972	1	1	1	11369	0	10
chr13	55161400	55162044	2	2	1	174	0	16
chr13	55314100	55314670	1	1	1	10	0	5
chr13	55526212	55526514	1	1	1	1450	0	17
chr13	55780719	55823782	2	2	0	1	0	15
chr13	55932573	55934178	1	1	1	6	0	12
chr13	58707105	58710828	2	2	1	10	0	15
chr13	63488290	63508009	2	2	1	0	2	3
chr13	67050866	67053356	2	2	1	4500	11	8
chr13	67325225	67329812	1	1	1	25	0	12
chr13	67556862	67561226	2	2	1	141	0	5
chr13	67623071	67629288	2	2	1	722	0	5
chr13	67857049	67858433	2	2	1	255	0	24
chr13	74051554	74086030	1	1	0	0	1	12
chr13	74068554	74069291	2	2	1	14	0	11
chr13	74086065	74086552	1	1	1	5523	1	5
chr13	75276063	75278160	1	1	1	5143	0	18
chr13	75988295	75995288	1	1	1	1456	0	20
chr13	76156137	76156229	2	2	1	2849	0	25
chr13	83804453	83857059	2	2	0	0	6	13
chr13	89873783	89879577	2	2	1	1971	0	5
chr13	92893095	92894429	2	2	1	855	0	24
chr13	93308401	93311147	2	2	1	1337	0	20
chr13	94527376	94531226	1	1	1	7108	0	7
chr13	94968974	94973615	1	1	1	0	7325	23
chr13	95179544	95179934	2	2	1	6451	0	10
chr13	97299501	97299582	1	1	1	3218	0	16
chr13	99469475	99473170	2	2	1	2603	0	16
chr13	100298873	100299349	2	2	1	62	0	5
chr13	100737141	100737396	2	2	1	152	0	21
chr13	100945788	100947813	2	2	1	4195	0	12
chr13	104315470	104317581	1	1	1	0	240	3
chr13	104953875	104963562	1	1	1	0	339	3
chr13	108407248	108408338	1	1	1	3176	1	18
chr13	112822733	112825806	1	1	1	1213	0	4
chr13	112996236	113003329	1	1	1	3878	0	4
chr13	115004882	115005729	2	2	1	10	0	15
chr13	118918146	118925654	1	1	1	982	0	22
chr14	3581431	3598151	1	1	1	14544	0	4
chr14	4138747	4143265	1	1	1	6008	0	20
chr14	12048279	12599597	1	1	1	832	0	3
chr14	12256726	12257246	1	1	0	1	0	13
chr14	14427080	14428540	2	2	1	5086	2	13
chr14	14428567	14508056	2	2	0	0	2	13
chr14	14826826	14827775	1	1	1	0	4	6
chr14	14875268	14882760	1	1	1	0	1	6
chr14	14918042	14918991	1	1	1	0	4	6
chr14	14981235	14982611	1	1	1	0	2	6
chr14	14996828	14997777	1	1	1	0	4	6
chr14	15140396	15145460	1	1	1	0	1	3
chr14	15154809	15156188	1	1	1	0	2	6
chr14	15170446	15171398	1	1	1	0	4	6
chr14	15275445	15276177	1	1	1	0	1	15
chr14	15344573	15345305	1	1	1	0	1	15
chr14	15496986	15497932	1	1	1	0	2	6
chr14	15579954	15581334	1	1	1	0	2	6
chr14	15629597	15630328	1	1	1	0	1	15
chr14	15697534	15703485	1	1	1	0	699	4
chr14	16042755	16044129	1	1	1	0	648	6
chr14	16251590	16252549	1	1	1	0	2	6
chr14	16449297	16452688	1	1	1	0	3	4
chr14	16524886	16525843	1	1	1	2	4	6
chr14	16642422	16647515	1	1	1	0	3	4
chr14	16744855	16745804	1	1	1	0	1	6
chr14	16783423	16784382	1	1	1	0	2	6
chr14	16836875	16837608	1	1	1	0	1	15
chr14	16837772	16838720	1	1	1	0	2	6
chr14	16966634	16968014	2	2	1	0	2	6
chr14	16983584	16984538	2	2	1	0	1	6
chr14	16992967	16993921	1	1	1	0	1	6
chr14	16994914	17000009	1	1	1	0	3	4
chr14	17025129	17026077	1	1	1	0	1	6
chr14	17097397	17098346	1	1	1	0	1	6
chr14	17135952	17136911	1	1	1	0	2	6
chr14	17189381	17190114	1	1	1	0	1	15
chr14	17190278	17191226	1	1	1	0	2	6
chr14	17336209	17337163	2	2	1	0	1	6
chr14	17418201	17418932	2	2	1	284	1	15
chr14	17477690	17482790	2	2	1	0	1	3
chr14	17612744	17614118	2	2	1	0	648	6
chr14	18119852	18120804	2	2	1	1215	0	6
chr14	18218151	18219110	2	2	1	0	2	6
chr14	18470436	18471167	2	2	1	0	1	15
chr14	18669114	18676170	2	2	1	0	699	4
chr14	18816265	18817638	2	2	1	0	2	6
chr14	19055681	19057054	2	2	1	0	2	6
chr14	19135684	19137061	2	2	1	0	2	6
chr14	19279477	19280431	2	2	1	0	1	6
chr14	19633747	19635125	2	2	1	0	2	6
chr14	20350748	20354020	1	1	1	1829	0	10
chr14	21785185	21790171	2	2	1	36	0	15
chr14	26191556	26195053	2	2	1	10138	0	13
chr14	26494643	26494882	1	1	1	277	0	3
chr14	27199178	27201585	1	1	1	4564	0	3
chr14	29725645	29726232	2	4	1	81	0	22
chr14	30388774	30396126	1	1	1	615	0	17
chr14	30804773	30850701	2	2	0	0	1	12
chr14	30945478	30945566	1	1	1	535	0	4
chr14	31080710	31081163	1	1	1	3083	0	23
chr14	31274948	31275696	2	2	1	18	0	7
chr14	33811559	33812563	1	1	1	2	0	3
chr14	34095341	34095627	2	2	1	1831	1	18
chr14	34118436	34118515	1	1	1	354	0	16
chr14	40635445	40637336	2	2	1	4634	0	25
chr14	40720915	40766492	2	2	0	1	0	16
chr14	45090914	45095867	2	2	1	18	0	21
chr14	45539380	45541005	2	2	1	1651	0	4
chr14	45541045	45542705	2	2	1	1662	0	8
chr14	45836144	46050272	2	2	0	0	10	13
chr14	45846471	45847948	2	2	1	0	1	5
chr14	45850429	46050272	2	2	0	4	2	14
chr14	45867208	45894678	2	2	1	1	0	4
chr14	45867211	45894678	2	2	1	12356	5	11
chr14	46015817	46050272	2	2	0	3	0	13
chr14	47901258	47963724	1	1	0	1	1	16
chr14	52131964	52132355	1	1	1	42	0	21
chr14	52147556	52148787	1	1	0	0	5	14
chr14	52358579	52363735	1	1	1	13	0	3
chr14	54961709	54962194	2	2	1	6850	0	21
chr14	55088055	55091328	1	1	1	4	0	15
chr14	55149747	55159734	1	1	0	0	1	16
chr14	55338233	55338525	2	2	0	1	0	13
chr14	55338235	55338527	2	2	1	689	0	15
chr14	55474790	55476204	1	1	1	33	0	11
chr14	55818269	55818374	1	1	1	3375	0	24
chr14	55825198	55825496	2	2	1	0	1	15
chr14	55830074	55830289	1	1	1	0	301	3
chr14	55888573	55888915	1	1	1	1	0	5
chr14	55914492	55914662	1	1	1	1928	0	14
chr14	55978331	55978639	2	2	1	8866	0	18
chr14	55987591	55988509	1	1	1	294	0	6
chr14	56025822	56026073	2	2	1	1	0	7
chr14	56699528	56700480	1	1	1	87	0	17
chr14	58533382	58541488	1	1	0	1	0	20
chr14	59592639	59593765	2	2	1	65	0	3
chr14	60282463	60283452	2	2	1	15192	0	20
chr14	60935210	60981195	2	2	0	1	0	12
chr14	62671381	62685643	2	2	1	12	0	9
chr14	65879444	65882458	1	1	1	2	0	15
chr14	65979094	66042049	2	2	0	0	3	25
chr14	65999405	66042049	2	2	0	0	5	23
chr14	69943328	69943995	2	2	1	2457	0	6
chr14	70361331	70361631	1	1	1	338	0	14
chr14	70402243	70403538	2	2	1	3217	0	21
chr14	70433411	70436730	2	2	1	3967	0	15
chr14	70768711	70769507	1	1	1	14394	0	16
chr14	75435604	75436719	1	1	1	438	0	5
chr14	75954638	75957131	2	2	1	2075	1	7
chr14	76352481	76353223	1	1	1	1815	0	15
chr14	76793957	76807086	2	2	0	0	1	13
chr14	78094431	78112237	2	2	1	0	349	3
chr14	101904105	101904427	1	1	1	2880	0	16
chr14	103309236	103310622	1	1	1	1485	0	25
chr14	103925840	103932603	1	1	1	0	1387	3
chr14	105496438	105525050	1	1	1	13352	1	18
chr14	119138962	119139426	2	2	1	6260	0	11
chr14	122923590	122927510	1	1	1	2906	1	9
chr14	122927542	122938526	1	1	0	0	1	12
chr14	123521149	123522624	2	2	1	9861	0	9
chr15	5203914	5205966	1	1	1	0	418	3
chr15	6521021	6526431	1	1	1	1	0	6
chr15	8128506	8128602	2	2	1	0	1154	7
chr15	9058849	9060828	1	1	1	700	0	24
chr15	9117230	9121638	2	2	1	395	0	6
chr15	9457920	9461742	1	1	1	395	0	13
chr15	9511366	9512970	2	2	1	1	0	3
chr15	10176145	10177537	2	2	1	1	0	4
chr15	10960869	10972066	1	1	1	0	1	3
chr15	30441602	30463639	1	1	0	1	0	13
chr15	30776405	30806867	2	2	0	0	4	12
chr15	36158184	36161832	2	2	1	16	0	5
chr15	37291917	37309908	1	1	1	0	4	3
chr15	39690402	39691370	2	2	1	3	0	8
chr15	43355680	43358135	1	1	1	4302	0	16
chr15	57918136	57932755	1	1	0	1	0	23
chr15	63966010	63981978	1	1	0	1	0	13
chr15	65814621	65820150	2	2	1	2	0	9
chr15	66802958	66805712	2	2	1	5459	0	20
chr15	72919500	72961415	2	2	0	0	1	14
chr15	74478061	74478249	2	2	1	8	0	5
chr15	74670483	74671267	2	2	1	21	0	18
chr15	74724022	74724887	2	2	1	2	0	4
chr15	75797234	75797431	2	2	1	3870	0	5
chr15	75867807	75867889	1	1	1	20	0	11
chr15	76065378	76107155	1	1	0	1	0	15
chr15	76253953	76254055	1	1	1	501	0	20
chr15	76553534	76553804	2	2	1	9	0	7
chr15	76597421	76597600	1	1	1	0	205	3
chr15	76851035	76877766	2	2	0	0	1	15
chr15	78049465	78050173	2	4	1	4978	0	20
chr15	78230674	78230876	1	1	1	9	0	5
chr15	78619250	78802601	2	2	0	5	0	14
chr15	78662275	78662397	2	2	1	429	0	11
chr15	78761818	78765237	1	1	1	5105	0	18
chr15	79425323	79653362	1	1	0	4	0	12
chr15	79550151	79551188	1	1	1	6123	0	20
chr15	79805640	79807672	2	2	1	8282	0	15
chr15	79884675	79885882	2	2	1	0	313	3
chr15	81207894	81211241	2	2	1	3295	0	15
chr15	81358130	81359286	1	1	1	4138	2	17
chr15	81495725	81497370	1	1	1	8143	0	25
chr15	82124160	82125527	2	2	1	555	0	17
chr15	83264008	83265962	2	2	1	665	0	12
chr15	83505335	83505612	2	2	1	0	387	3
chr15	84179817	84182166	1	1	1	1560	0	19
chr15	84182187	84187608	1	1	1	1560	0	13
chr15	84819065	84932592	1	1	0	0	3	13
chr15	88575539	88575951	2	2	1	5294	0	4
chr15	88965635	88966153	1	1	1	2125	0	8
chr15	89190787	89190852	2	2	0	0	1	13
chr15	89236731	89236806	2	2	1	1918	0	19
chr15	89312219	89312336	2	2	1	4952	0	19
chr15	90532828	90533445	2	2	1	987	0	24
chr15	97647623	97647886	2	2	1	2824	0	18
chr15	98638997	98639204	2	2	1	2514	0	3
chr15	98711625	98711886	2	2	1	2799	0	18
chr15	98711625	98744861	2	2	0	1	0	18
chr15	98777197	98777285	2	2	1	1352	0	3
chr15	98831077	98851331	2	2	0	0	25	24
chr15	98849573	98851331	2	2	1	79572	16	25
chr15	99241797	99299963	2	2	0	0	4	13
chr15	99490708	99491126	1	1	1	18	0	4
chr15	99603625	99605191	1	1	1	12029	0	24
chr15	99649223	99670063	2	2	1	1311	0	20
chr15	102333287	102382679	2	2	0	1	0	19
chr15	102382590	102382681	1	1	1	24788	0	21
chr15	102382598	102382688	1	1	0	1	0	23
chr15	102429649	102430158	1	1	1	1069	0	25
chr15	102446727	102449174	2	2	1	1286	0	15
chr15	102619517	102641645	2	2	0	0	2	12
chr15	103152456	103152682	1	1	1	0	10415	15
chr16	3770335	3770726	2	2	1	190	0	18
chr16	3855562	3855817	1	1	1	3	0	8
chr16	4581702	4582461	2	2	0	1	0	24
chr16	4581711	4582469	1	1	1	6657	0	19
chr16	4672110	4697507	1	1	0	0	2	12
chr16	4775627	4775831	2	2	1	1314	0	5
chr16	4828761	4829475	2	2	1	6	5	3
chr16	4836389	4836703	2	2	1	10230	0	19
chr16	4895980	4899281	1	1	1	2981	0	10
chr16	7095033	7103341	1	1	1	14781	0	13
chr16	8242008	8242299	2	2	1	42	0	3
chr16	10010890	10019163	1	1	1	11	0	13
chr16	10237550	10238837	1	1	1	1	0	3
chr16	10327287	10328567	1	1	1	33	0	3
chr16	10453161	10456650	1	1	1	7415	0	7
chr16	10603342	10650511	1	1	0	1	0	25
chr16	10604037	10650511	1	1	0	1	0	17
chr16	13649525	13650200	1	1	1	4497	0	4
chr16	16895919	16899461	1	3	1	1918	0	11
chr16	16925089	16927508	2	2	1	2330	0	12
chr16	17095457	17095532	1	1	1	15513	0	17
chr16	17884721	17887287	1	1	1	6618	0	16
chr16	18046621	18052770	2	2	1	8055	0	12
chr16	18656322	18668254	1	1	0	0	1	17
chr16	20105820	20106606	2	2	1	470	0	20
chr16	20224295	20224476	2	2	1	10	0	16
chr16	21781007	21784703	2	2	1	15	0	19
chr16	21898357	21898816	2	2	1	103	0	18
chr16	22255039	22255187	2	2	1	1067	0	3
chr16	22943365	22946149	2	2	1	423	0	5
chr16	26781761	26782633	2	2	1	108	0	11
chr16	30392065	30440568	2	2	0	1	0	12
chr16	31832130	31925752	1	1	0	0	2	13
chr16	31842104	31846529	2	2	1	5651	0	5
chr16	32851307	32855910	2	2	1	628	0	13
chr16	34535779	34541808	1	1	1	161	0	23
chr16	35276916	35284704	2	2	1	705	0	18
chr16	38167570	38169602	1	1	1	2752	0	3
chr16	38586382	38588259	1	1	1	2640	0	17
chr16	44730086	44734918	1	1	1	7	0	24
chr16	45003340	45004044	1	1	1	8271	0	17
chr16	45404853	45409864	1	1	1	1	0	5
chr16	45929529	45938048	2	2	1	11	0	12
chr16	46215636	46216442	2	2	1	519	0	25
chr16	48762567	48763819	2	2	1	1028	0	3
chr16	55917795	55931968	1	1	1	0	340	3
chr16	56028797	56061552	1	3	0	1	0	25
chr16	59474498	59476086	2	2	1	11838	0	25
chr16	62616072	62622084	2	2	1	806	0	11
chr16	76811029	76830790	1	1	1	2235	0	8
chr16	78157427	78161689	2	2	1	0	1877	13
chr16	84598527	84603722	1	1	1	1	0	3
chr16	90047326	90048762	2	2	1	0	2	3
chr16	90535558	90544411	1	1	1	16	0	13
chr16	91216368	91218620	1	1	1	1719	0	8
chr16	91357593	91358507	1	1	1	8653	0	21
chr16	91393902	91459003	2	2	0	0	5	13
chr16	93404185	93404867	1	1	1	1	0	7
chr16	93563205	93566281	1	1	1	6230	0	16
chr16	94234022	94235174	1	1	1	114053	0	10
chr16	94306304	94311596	2	2	1	1981	0	20
chr16	95475710	95507340	1	1	0	1	0	16
chr16	95507360	95510815	1	1	1	8574	0	16
chr16	95923618	95925922	2	2	1	0	3647	25
chr16	96224319	96226102	2	2	1	5	0	3
chr16	96295068	96326589	1	1	1	88275	1	14
chr16	96295068	96385740	1	1	0	2	0	14
chr16	96484915	96491369	2	2	0	1	0	23
chr17	3397614	3430080	2	2	0	1	0	13
chr17	3556052	3557041	1	1	1	6410	2	14
chr17	3556052	3595298	1	1	0	1	0	13
chr17	5483855	5489806	2	2	1	0	335	3
chr17	5765293	5775501	1	5	1	5921	0	15
chr17	6100838	6134873	1	1	0	0	1	12
chr17	6365234	6367648	2	2	1	495	0	5
chr17	8388449	8388837	1	1	1	2245	0	23
chr17	9734088	9783192	2	2	0	1	0	19
chr17	10501911	10537660	2	2	1	36517	0	8
chr17	13068216	13137010	1	1	0	2	0	12
chr17	13165303	13166243	2	2	1	4084	0	23
chr17	13194362	13199708	2	2	1	307	0	17
chr17	14419541	14423775	2	2	1	1555	0	4
chr17	14901678	14901926	2	2	1	706	0	23
chr17	15148664	15152777	2	2	1	26	0	13
chr17	15167026	15170821	2	2	1	2192	0	9
chr17	15207095	15207857	1	1	1	546	0	15
chr17	15724910	15727604	1	1	1	2519	0	7
chr17	19149958	19150498	1	1	1	3	0	3
chr17	22039170	22040050	2	2	1	0	1	4
chr17	22181801	22207011	1	1	1	999	0	10
chr17	22528579	22532217	2	2	1	741	0	24
chr17	22577970	22578420	2	2	1	284	0	22
chr17	24326246	24329821	2	2	1	9030	0	10
chr17	24426418	24426539	2	2	1	863	0	24
chr17	24906547	24935386	1	1	0	0	1	13
chr17	24941495	24941628	2	2	1	59253	1	10
chr17	25047979	25048063	1	1	1	4	0	9
chr17	25115534	25115601	1	1	1	404	0	23
chr17	25460836	25461132	1	1	1	3476	0	21
chr17	25491631	25492294	2	2	1	0	2	4
chr17	25942741	25942976	2	2	1	119	0	10
chr17	25960064	25998013	1	1	0	2	0	14
chr17	26063288	26063369	2	2	1	7	0	3
chr17	26063288	26063373	2	2	1	576	0	3
chr17	26068945	26069391	2	2	1	1287	0	5
chr17	26102883	26103553	2	2	1	5422	0	15
chr17	26660178	26660524	1	1	1	5700	0	9
chr17	27241557	27241715	2	2	1	0	157	3
chr17	27341815	27344120	2	2	1	11246	23	7
chr17	28518009	28518575	1	1	1	2830	0	12
chr17	28692101	28701108	2	2	0	0	1	22
chr17	28692101	28907193	2	2	0	5	150	25
chr17	28692105	28701108	2	2	0	0	1	22
chr17	28692108	28701110	1	1	0	0	1	20
chr17	29210395	29211390	2	2	1	3003	0	14
chr17	29923444	29924244	2	2	1	1	0	3
chr17	30061381	30061818	2	2	1	2277	0	17
chr17	31276831	31283358	1	1	1	3031	0	16
chr17	31538165	31540021	1	1	1	812	0	11
chr17	31844992	31846449	2	2	1	1740	0	19
chr17	32068649	32068901	2	2	1	1147	0	5
chr17	32226768	32230149	2	2	1	13	0	14
chr17	33747791	33766948	2	2	0	0	4	12
chr17	34048791	34057072	1	1	1	1315	0	10
chr17	34167717	34256196	2	2	0	2	0	14
chr17	34544766	34552256	1	1	1	8	0	10
chr17	34659862	34662411	1	1	1	204	0	9
chr17	34662433	34663011	1	1	1	212	0	21
chr17	35129812	35129953	1	1	1	22208	0	10
chr17	35140132	35140207	1	1	1	3	0	15
chr17	35223316	35223412	1	1	1	3615	0	19
chr17	35245434	35245669	2	2	1	3	0	3
chr17	35290736	35293150	2	2	1	144	0	12
chr17	35349155	35349383	2	2	1	21	0	24
chr17	35468046	35470222	1	1	1	11801	0	11
chr17	35661976	35662324	1	1	1	45	0	25
chr17	35971177	35971295	2	2	1	1073	0	5
chr17	35980332	35980520	2	2	1	1628	0	4
chr17	36270032	36270120	2	2	1	8050	0	8
chr17	36341990	36342529	2	2	1	2473	0	3
chr17	36421028	36421559	2	2	1	1	0	3
chr17	37260447	37260768	2	2	1	11319	0	18
chr17	37268825	37269040	2	2	1	4012	0	16
chr17	37275325	37275725	1	1	1	289	0	19
chr17	43625380	43632048	1	1	1	1	0	21
chr17	45035789	45046119	2	2	1	0	28	3
chr17	45944910	45945193	2	2	1	331	0	20
chr17	45945206	45949620	2	2	1	329	0	12
chr17	47037643	47038190	2	2	1	88	0	18
chr17	47908505	47909678	1	1	1	0	6	7
chr17	47998214	47998823	2	2	1	15822	0	24
chr17	56325679	56325803	2	2	1	4529	0	19
chr17	56419984	56420898	2	2	1	50	0	8
chr17	56438215	56438522	2	2	1	9382	0	18
chr17	56484004	56484698	2	2	1	6153	0	12
chr17	57413287	57414040	1	1	1	69	0	7
chr17	59187738	59190899	2	2	1	0	22	3
chr17	68120984	68122172	1	1	1	220	0	8
chr17	71282616	71284042	2	2	1	10612	1	14
chr17	71763496	71770756	2	2	1	4152	0	8
chr17	71960518	71964335	1	1	1	2941	0	8
chr17	74708994	74710998	1	1	1	684	0	17
chr17	75846110	75846395	2	2	1	3828	1	17
chr17	80337970	80339969	2	2	1	6890	0	4
chr17	80532100	80533049	1	1	1	382	0	18
chr17	80602006	80602941	1	1	1	4549	0	6
chr17	80936778	80937843	2	2	1	1	0	5
chr17	81334400	81340060	2	2	1	552	0	12
chr17	83512669	83522651	1	1	0	0	1	15
chr17	84139151	84139255	2	2	1	16	0	15
chr17	85002751	85003379	1	1	1	3	0	14
chr17	85702094	85709853	1	1	1	1194	0	18
chr18	3440167	3512320	1	1	0	2	0	12
chr18	7127434	7129398	2	2	1	80	0	4
chr18	9986356	9986552	1	1	1	592	0	11
chr18	10617927	10623630	1	1	1	2856	0	16
chr18	10704688	10730653	1	1	0	1	0	14
chr18	10716855	10768151	1	1	0	0	6	12
chr18	12661507	12661769	1	1	1	191	0	13
chr18	12895750	12895965	2	2	1	42118	0	5
chr18	13090229	13120885	2	2	0	1	0	13
chr18	20666485	20803104	1	1	0	0	9	13
chr18	21126320	21161693	1	1	0	1	0	22
chr18	24604038	24604118	1	1	1	665	0	18
chr18	24604142	24606006	1	1	1	662	0	10
chr18	25291381	25301583	2	2	1	3338	1	12
chr18	25302144	25307743	1	1	1	839	0	15
chr18	30847382	30852697	2	2	0	1	0	14
chr18	31727688	31730091	2	2	1	8544	0	9
chr18	33935614	33943271	2	2	1	352	0	10
chr18	34702952	34704508	2	2	1	0	160	3
chr18	34763220	34763339	1	1	1	16	0	12
chr18	34880697	34881967	2	2	1	26	0	16
chr18	35686523	35687479	1	1	1	300	0	16
chr18	35744088	35746375	1	1	1	23264	3	24
chr18	35793628	35793844	2	2	1	0	2	3
chr18	35793628	35795064	2	2	1	0	2	3
chr18	35848269	35848475	2	2	1	674	0	16
chr18	38090048	38091066	1	1	1	0	672	3
chr18	38090828	38091066	1	1	1	0	1602	3
chr18	40340922	40343800	2	2	1	2891	2	17
chr18	42180036	42274014	2	2	1	0	2	7
chr18	45693290	45694049	2	2	1	1	2	4
chr18	61102116	61103065	1	1	1	98	0	3
chr18	61688945	61689573	1	1	1	22	0	15
chr18	61957010	61959571	2	2	1	3554	0	13
chr18	62793059	62794012	1	1	1	348	0	12
chr18	63119360	63120024	1	1	1	7	0	4
chr18	63119549	63120024	1	1	1	17076	3	8
chr18	63868796	63869474	1	1	1	14219	0	13
chr18	64679195	64683441	2	2	1	18	0	3
chr18	67268438	67268589	1	1	1	18559	0	24
chr18	67344265	67345410	1	1	0	1	0	14
chr18	68470797	68471743	1	1	1	133	0	10
chr18	75654892	75813963	1	1	0	4	0	14
chr18	78229102	78235305	2	2	1	58	0	16
chr18	84111167	84113166	2	2	0	0	1	14
chr18	84889759	84891264	1	1	1	9399	0	20
chr18	89439157	89453427	1	1	0	0	1	12
chr19	3949120	3951890	2	2	1	834	0	13
chr19	4091939	4092164	2	2	1	0	128	21
chr19	4251057	4251327	2	2	1	1051	0	17
chr19	4782113	4782415	1	1	1	0	4307	3
chr19	5035125	5035782	2	2	1	1588	0	10
chr19	5154765	5154860	2	2	1	14358	0	4
chr19	5418971	5419953	1	1	1	3457	0	14
chr19	5514244	5514361	1	1	1	7333	0	12
chr19	5802170	5803660	1	1	1	3400	0	4
chr19	5954575	5955416	2	2	1	8950	1	4
chr19	6041955	6042379	2	2	1	3348	0	22
chr19	6108603	6109173	1	1	1	0	32008	7
chr19	6145497	6147683	1	1	1	0	2	3
chr19	6322830	6326322	2	2	1	0	1	4
chr19	6548453	6569319	1	1	0	0	1	18
chr19	6900029	6900668	2	2	1	1007	0	12
chr19	6915898	6916123	2	2	1	3476	0	17
chr19	6937281	6937500	2	2	1	500	0	17
chr19	6956427	6970601	1	1	0	0	1	15
chr19	7034551	7042832	1	1	1	1638	0	21
chr19	7192850	7194763	2	2	1	39137	371	12
chr19	7193915	7194763	2	2	1	38	1	9
chr19	7194791	7232161	2	2	0	0	1	12
chr19	7409401	7409816	2	2	1	87287	0	14
chr19	7409409	7409823	1	1	0	1	0	22
chr19	8587134	8587266	1	1	1	0	215	3
chr19	8823689	8823829	1	1	1	15660	0	17
chr19	8866329	8866487	1	1	1	2031	0	11
chr19	10698684	10699312	2	2	1	26	0	9
chr19	10958027	10958656	2	2	1	2	0	16
chr19	11435217	11436516	1	1	1	12	0	15
chr19	11455739	11457662	1	1	1	58	0	14
chr19	11532291	11533555	1	1	1	3	0	25
chr19	11681297	11682740	1	1	1	2	0	6
chr19	16576459	16580627	1	1	1	21	0	22
chr19	18939511	18954944	2	2	1	0	2	4
chr19	21387304	21389861	2	2	1	18525	0	12
chr19	22668818	22669305	2	2	1	0	1	5
chr19	23686332	23697421	1	1	1	0	28	3
chr19	23695467	23697421	1	1	1	0	133	3
chr19	23893355	23894916	1	1	1	28230	0	16
chr19	24977068	25028850	1	1	1	0	20	3
chr19	27376501	27377078	2	2	1	1	3	5
chr19	27376505	27377078	2	2	1	4249	7	9
chr19	32858425	32881592	1	1	0	1	0	25
chr19	34220899	34222311	2	2	1	1671	0	15
chr19	34914485	34914713	1	1	1	99	0	5
chr19	36078672	36079220	1	1	1	2634	0	23
chr19	38112881	38112966	2	2	1	1221	0	16
chr19	38709536	38710255	1	1	1	1355	0	10
chr19	38896297	38899450	1	1	1	874	0	22
chr19	43496433	43504119	2	2	1	4254	0	5
chr19	44138969	44140471	2	2	1	268	0	4
chr19	44386558	44388580	2	2	1	4269	0	5
chr19	44541293	44542107	2	2	1	13453	0	4
chr19	45730934	45738276	2	2	0	1	0	15
chr19	45783487	45784018	2	2	1	15215	0	5
chr19	46022871	46034587	2	2	0	0	1	13
chr19	46254132	46292920	1	1	0	0	1	13
chr19	46546743	46591476	1	1	0	0	9	14
chr19	47074487	47074572	2	2	1	0	27158	12
chr19	47722351	47723262	1	1	1	13077	8	14
chr19	47726327	47726467	2	2	1	0	389	3
chr19	53841499	54034969	2	2	0	0	7	13
chr19	53841533	54034969	2	2	0	0	7	13
chr19	56329056	56330570	2	2	1	254	0	3
chr19	56918694	56925666	2	2	1	861	0	14
chr19	60208572	60208761	2	2	1	0	203	3
chr19	60517526	60517902	2	2	1	7463	0	24
chr19	60842191	60842301	2	2	1	3310	0	4
chrX	7489258	7511343	1	1	0	1	0	14
chrX	7765709	7767199	1	1	1	1127	0	19
chrX	8009991	8010086	2	2	1	0	10675	21
chrX	8113020	8113107	2	2	1	2763	0	19
chrX	8551683	8554840	2	2	1	4	0	9
chrX	9522697	9523279	2	2	1	24800	0	19
chrX	12464266	12475085	2	2	0	0	1	13
chrX	12815517	12998006	2	2	0	0	6	12
chrX	13155180	13155633	1	1	1	1698	0	3
chrX	16528698	16530889	1	1	1	1965	0	23
chrX	20560986	20561748	1	1	1	12076	1	15
chrX	20942923	20943845	1	1	1	24	0	12
chrX	36614345	36614534	1	1	1	2	0	17
chrX	36965146	36966726	2	2	1	4	0	6
chrX	47117343	47123315	2	2	1	1721	0	14
chrX	47366497	47367243	1	1	1	1180	0	25
chrX	47507116	47507884	2	2	1	22	0	21
chrX	48584355	48584548	1	1	1	2832	0	10
chrX	49975714	49976737	1	1	1	521	0	20
chrX	49985119	49986126	2	2	1	130	0	4
chrX	52645652	52672329	2	2	0	0	10	20
chrX	52645654	52672329	2	2	0	6	11	22
chrX	52645670	52665534	1	1	0	0	1	13
chrX	52797804	52798109	2	2	1	121	0	23
chrX	55246979	55247366	2	2	1	1	0	4
chrX	55590000	55590336	2	2	1	4	0	20
chrX	64627819	64653847	1	1	0	1	0	16
chrX	67738692	67739094	1	1	1	11283	0	7
chrX	72118537	72120338	2	2	1	1	0	14
chrX	72133105	72134464	2	2	1	132	0	9
chrX	72238676	72239547	1	1	1	131	1	11
chrX	72239583	72240958	1	1	1	132	0	5
chrX	72265569	72265685	1	1	1	7	0	8
chrX	72823133	72823219	2	2	1	18067	1	15
chrX	73349048	73350184	1	1	1	60883	3	8
chrX	73349704	73350184	1	1	1	2	0	5
chrX	73358570	73359032	1	1	1	3304	0	20
chrX	73411865	73412021	2	2	1	1	0	13
chrX	73482666	73483480	1	1	1	233	0	12
chrX	73956977	73957809	1	1	1	0	1	10
chrX	78459214	78460414	2	2	1	30	0	20
chrX	84754738	84755947	2	2	1	2547	0	12
chrX	92843810	92845814	2	2	1	7099	0	23
chrX	93255389	93256170	2	2	1	2906	0	21
chrX	98510691	98695867	2	2	0	5	3	12
chrX	99487017	99523909	1	1	0	0	1	15
chrX	99549659	99559162	1	1	1	3927	0	13
chrX	99655718	99656395	1	1	1	94	0	18
chrX	99667250	99667467	2	2	1	1902	0	6
chrX	100495821	100496079	1	1	1	141	0	11
chrX	106441586	106441701	2	2	1	5930	0	4
chrX	106836613	106836698	2	2	1	4547	0	11
chrX	111407676	111422088	1	1	1	18	0	5
chrX	111974641	111979275	2	2	1	0	899	3
chrX	132763765	132765472	1	1	1	102	0	3
chrX	133367898	133368646	2	2	1	5	0	14
chrX	135350275	135353077	2	2	1	53	0	15
chrX	135856232	135857483	2	2	1	1434	0	20
chrX	138566290	138572483	1	1	1	3256	0	4
chrX	144298074	144305321	2	2	0	0	1	20
chrX	144298074	144323702	2	2	0	1	0	12
chrX	144298076	144314717	1	1	0	1	2	13
chrX	146171355	146172658	2	2	1	17	0	11
chrX	149433545	149433972	2	2	1	20407	0	25
chrX	149782800	149783598	2	2	1	14246	2	16
chrX	150240833	150246964	1	1	1	2864	0	3
chrX	151002890	151004642	1	1	1	9198	0	9
chrX	152592978	152616840	1	1	0	1	0	12
chrX	156486009	156497582	1	1	1	0	39	3
chrX	156489970	156497582	1	1	1	0	11	3
chrX	159310774	159311842	1	1	1	1894	0	24
chrX	159310774	159312910	1	1	1	1	0	6
chrX	163078995	163083219	1	1	1	1358	0	8
chrX	165991020	166075382	1	1	0	0	6	12
chrX	167445537	167447038	2	2	1	3852	0	13
chrY	826283	826370	1	1	1	14	0	24
